414
644
104
859
804
458
393
319
937
520
571
399
151
529
387
456
592
384
609
840
315
128
83
926
822
810
876
424
58
227
203
534
43
671
195
303
126
428
738
893
853
49
304
47
538
122
444
734
600
56
846
447
963
452
470
21
813
856
577
274
207
713
500
568
145
175
353
196
947
878
790
25
155
97
635
735
694
420
179
6
346
988
805
699
121
895
342
355
687
269
628
77
962
801
914
240
727
739
561
238
211
546
965
66
775
674
442
40
640
429
627
743
803
894
36
275
892
654
330
925
614
726
802
256
978
99
220
567
973
565
794
826
956
865
915
636
812
837
655
415
239
71
573
689
712
515
548
815
532
417
562
103
909
547
1
553
102
169
167
68
264
253
12
591
166
100
306
427
605
445
221
953
117
662
944
549
891
566
918
685
450
772
626
833
76
409
814
578
606
85
572
272
919
180
19
503
244
437
761
607
518
576
796
296
377
228
22
245
948
263
48
141
981
107
585
776
841
260
54
317
752
863
287
590
109
425
177
194
991
51
467
526
284
512
647
273
527
586
514
560
81
555
706
686
80
441
993
910
552
508
370
782
345
679
995
200
748
419
610
536
958
901
477
88
767
8
943
232
519
625
816
616
230
183
426
325
703
431
980
271
517
383
839
791
277
358
768
731
402
701
720
617
911
736
771
831
862
750
34
611
817
337
333
430
755
252
708
148
835
564
861
664
188
332
900
347
416
692
535
715
955
468
612
996
575
569
160
178
118
939
368
994
14
115
596
134
462
307
544
361
623
680
700
105
691
896
688
967
480
267
884
493
219
559
17
672
73
138
386
871
392
453
98
154
481
395
615
10
357
463
348
786
877
235
152
410
487
113
659
886
222
745
945
922
716
642
15
363
638
106
579
593
308
656
469
516
595
969
190
678
808
266
819
298
391
143
388
887
144
746
3
376
359
974
554
112
581
364
982
986
848
282
250
432
140
866
785
483
334
890
181
989
888
352
604
531
385
31
927
464
27
809
666
349
52
70
258
976
400
299
907
818
161
327
237
940
185
476
13
758
530
280
212
730
902
763
498
631
589
621
954
321
343
397
502
843
504
912
9
218
82
114
191
682
525
795
983
270
744
29
950
491
717
285
423
50
329
461
157
779
820
290
721
787
5
91
338
601
860
446
108
471
389
472
676
917
153
96
390
436
505
722
916
977
705
619
187
690
254
723
724
673
869
929
936
789
634
164
484
594
857
74
920
281
777
971
904
404
318
485
57
670
174
889
852
125
661
394
652
382
997
855
499
946
474
438
658
608
261
496
482
587
798
899
38
241
286
249
557
16
898
406
209
46
646
960
170
67
507
992
372
769
243
326
756
156
448
162
201
845
872
340
873
784
412
598
341
127
87
847
30
215
957
373
86
247
335
297
236
792
443
324
766
322
830
563
133
774
224
331
558
964
523
657
84
970
291
742
93
124
807
985
653
408
92
827
542
874
158
506
300
473
711
295
633
33
851
401
255
588
979
728
788
360
41
885
323
639
55
173
44
11
418
302
649
800
396
459
602
293
356
257
935
354
583
844
501
268
75
881
301
455
781
681
28
37
677
197
875
695
879
62
697
793
906
171
669
765
199
778
858
379
797
72
465
248
35
292
205
7
95
119
987
497
709
924
725
698
842
718
78
42
234
136
186
139
440
740
643
32
206
276
913
262
941
550
433
770
908
759
26
242
942
938
867
147
829
192
931
836
378
226
311
142
454
613
751
574
336
60
163
135
434
398
2
540
570
225
149
451
279
551
806
903
799
204
214
823
660
371
632
811
120
39
189
111
651
930
475
53
339
773
61
998
159
421
150
251
130
850
522
362
533
905
490
749
45
116
620
466
537
556
320
381
65
825
168
584
545
932
961
79
289
747
707
959
975
923
375
511
208
990
198
129
637
312
411
413
663
146
90
1000
641
999
921
696
374
24
732
854
184
618
880
23
176
650
69
693
486
582
648
123
543
478
309
968
231
316
580
494
757
422
737
365
193
521
603
882
246
629
683
513
783
675
479
233
213
897
94
541
288
528
509
668
110
457
328
460
182
488
702
216
624
952
951
344
131
630
351
868
435
265
313
510
4
59
403
172
367
495
101
622
350
369
733
597
89
864
928
838
210
449
710
223
366
883
405
259
314
278
719
380
764
165
665
753
741
599
492
202
828
439
834
760
684
407
966
729
137
714
780
667
305
645
217
832
310
754
229
704
64
762
934
132
18
824
984
20
972
539
489
294
933
870
821
849
283
63
949
524
