9352
9851
2951
729
1092
7389
3085
1385
7374
6657
1872
5215
1121
8357
4708
6812
4540
145
6090
8142
4758
7911
848
6981
3297
1234
1504
9769
1746
6730
1774
8706
6940
5966
5516
3215
1216
356
2773
3573
9689
3000
3811
4952
7536
1238
9828
9337
1018
6938
2405
116
6821
4409
5166
8876
5658
3390
6039
1644
877
5499
1890
1671
9074
3647
4415
5523
1934
588
5131
9315
3625
54
2677
6171
2095
2838
8783
8480
5132
5916
4812
2961
1939
7261
7546
2751
4416
6486
6893
7975
4290
6953
9433
8744
3419
789
6820
2644
8752
615
6069
2867
6757
2236
5654
7576
1430
5001
4321
5298
6080
4948
7678
4556
3263
3519
2367
2529
7931
9358
9651
1280
9438
4774
9522
2740
1042
4797
2362
3631
4726
2886
5600
821
1102
4895
9529
1607
9992
4541
7176
9778
2570
4917
7612
7362
9601
7427
7145
1012
1908
9635
5223
8498
2498
8589
1423
7463
365
7637
7115
535
2521
8955
8518
6778
6561
9118
8749
1196
8872
8478
2026
6492
4358
4092
6161
1971
7568
4137
9126
5968
8459
441
9063
2539
5993
6435
6236
1824
5447
8383
3475
8847
8235
3040
5125
8631
5810
8364
8262
9768
522
2964
762
8486
7258
9460
2760
8694
392
9611
6046
6474
9191
7443
1717
3619
5384
8006
1016
4777
9271
3786
5145
2023
3450
8801
8841
1838
2716
8895
9498
5051
25
21
1851
138
8700
5321
5877
3732
1259
9866
7081
2053
9079
4020
3996
7918
6597
3821
7084
1214
6227
1484
2905
7957
7895
8689
3216
5108
4807
9253
606
2017
1968
5887
8068
9922
2855
3567
776
1159
8883
6135
3645
777
7885
5864
4412
7211
6098
3632
9584
3144
9444
3662
3270
8587
4099
2563
5638
3449
9654
8171
9806
2754
2449
2925
6270
8472
8698
2948
6060
9481
8617
2980
6447
6761
7942
9703
541
7464
8954
4049
6067
263
700
2828
2309
9046
9200
6599
3568
1903
9261
5736
2186
862
4961
3007
2107
8231
8172
5128
5270
2189
4577
7282
3948
4497
67
5858
5333
2155
2973
7571
3998
6065
1174
3429
1988
2305
4676
9415
5075
1232
316
2561
9220
5909
2102
4222
5238
8382
1791
4861
7074
238
4678
8021
5734
5458
2329
4850
2983
2976
1209
8586
656
1742
8173
7805
7352
304
7526
651
8212
8733
4818
4667
4942
5662
9354
7625
5784
172
7171
379
1961
5728
3577
3467
1557
8023
1911
9032
8973
6205
1587
1223
5374
5711
6483
9660
9521
8910
6192
558
8917
2632
8219
3965
9469
9749
3133
5761
6173
2373
9576
5254
4986
8602
1715
4826
8513
4473
613
5309
9059
7559
4115
6155
1788
4501
3881
7449
1894
6622
2445
677
142
6298
7104
8038
7792
5811
2175
9878
410
7406
1096
2040
9143
9707
2314
8896
8543
4230
3964
8152
7646
2621
464
163
2487
1461
7323
1285
4491
4397
6233
7797
2926
3565
1010
9044
6849
2764
4456
863
6675
3455
2778
7897
6890
1113
1496
2649
4284
4860
1128
305
2752
6451
3100
3182
1705
6059
4419
9292
5743
8697
7077
9948
6384
5995
7144
9691
2515
4949
1255
5151
2715
3951
7140
6303
3107
9960
3558
9874
1721
9461
4325
7437
6198
4591
6725
5171
6115
4363
3866
5678
4240
7043
8712
92
5591
6024
9977
4786
3425
7290
7122
8786
9393
3355
9101
3176
4150
477
2210
3077
8678
1053
3253
5667
9585
4384
4768
854
101
9744
5005
9296
3913
7544
7024
9693
3292
4
466
9152
8201
8078
5099
7717
2452
1786
7575
2835
9678
782
9224
4572
7195
3127
3028
680
2280
5148
5739
7783
5395
1526
8027
2696
1508
3265
592
5871
8279
1338
9424
3371
4975
2519
7150
9510
5627
1460
4208
9340
1643
6727
3527
6557
5615
7160
3495
9920
3409
492
4690
638
52
7170
2578
7854
3367
7202
4057
4328
8606
1846
2009
8530
3921
6260
6103
8428
4351
8645
7630
9877
2066
9996
2298
129
3264
7417
8738
6406
7611
5415
1682
5756
979
3043
1152
7321
7715
2703
8391
7477
7593
7661
4458
2763
3199
9705
3839
5592
2105
5365
3009
104
2924
5089
9326
7351
9091
5023
9488
3002
9682
6403
7141
4232
6591
2025
5646
9320
5765
9446
6726
1760
6652
2993
6212
6068
8244
239
2125
7493
1240
908
7156
9816
185
7403
8343
8345
3314
5483
8765
1958
7177
8437
241
6722
7622
5398
627
943
4098
1716
7408
3036
9298
8619
4926
6280
7521
4286
5387
214
6872
3368
3533
6655
224
1258
853
1907
6341
2292
1448
9214
5236
3112
5041
7113
7424
9518
6026
7793
5500
4014
59
3764
5014
9041
3796
4613
8181
4486
4846
2412
5061
4575
2093
8864
2363
8034
3183
262
913
8272
3609
6313
7824
8957
9244
4425
4130
3193
7010
652
6487
9832
3790
2944
8734
1180
2223
184
9990
8930
6076
5460
4718
633
6497
4793
7840
5656
3375
4374
1675
5899
1672
6540
2248
905
171
2064
7194
1356
3906
7252
2573
1333
1171
3815
1874
2096
5419
2081
9288
4070
8096
2379
8827
8442
2219
251
9891
6292
3989
3885
5997
6247
4023
9379
1135
6805
5497
3772
6794
4288
5530
2883
5119
5608
895
6937
1539
1589
7490
9913
6097
1289
1034
7111
2568
2891
9081
9206
5314
5699
674
7103
5335
5026
7868
1611
1932
6323
7016
8968
9388
9947
9130
1568
5511
2432
7771
7469
5282
4790
7063
4442
3250
4324
1318
6229
1828
6577
8465
882
9677
9266
856
6504
970
8438
3535
889
8121
9161
2410
9437
3899
2310
8824
7955
7518
5086
8199
3178
7486
9359
584
2188
8799
5866
9268
1722
7280
2661
9824
2569
6348
6183
499
9626
2056
7853
1062
4236
8178
9608
7510
5233
4954
28
2414
179
6928
9215
8874
8500
4976
9305
182
7651
1646
8223
2736
1369
3015
4651
520
8012
4693
5367
8638
83
8017
7446
5522
8618
1829
8540
9417
7308
5539
46
647
7368
9131
9142
7442
3859
8377
4691
1661
5084
7264
5163
8384
8692
8079
6531
5680
4212
5959
393
3919
5586
5504
5133
4674
6769
7245
956
7017
7292
4938
6154
1654
6662
206
2138
2382
8341
8148
6333
8884
6331
710
2134
9008
4801
1810
7963
9513
8892
809
2154
8935
3337
7621
3660
559
3236
5375
3418
8048
3498
9994
4627
5816
6370
2814
8159
2801
6518
9158
6225
7741
8112
965
3705
6438
5584
1
4059
5879
3905
9887
8836
4625
9956
7944
5537
5838
5280
8487
2301
7756
6494
3865
9912
2895
1924
5881
7107
9976
6899
2834
6712
7213
2612
5193
7009
36
1597
3150
6535
3863
2816
2402
7841
8607
5226
8629
7978
9386
4619
4203
3090
3351
4114
1137
228
4189
6340
9274
2417
6190
3480
120
2019
6268
3869
9203
2276
7945
9275
3753
7769
3242
6749
3628
6606
99
58
9453
4087
4038
9903
258
3008
9815
6400
2008
7516
467
5256
317
4405
4210
8283
7567
7720
916
5102
3249
6877
5076
3675
3422
4068
7340
7873
1066
3914
2438
1975
7785
169
8674
3142
6914
7822
9858
758
2583
1087
7069
4253
2271
7008
1304
7416
5971
2278
2465
7088
2477
9984
906
3380
291
557
6349
8419
8308
603
9420
3147
6274
6614
5815
942
3776
9168
9248
1310
6094
3466
3218
663
8965
8052
3413
7691
9299
5438
6956
1511
1149
3858
9196
8170
8369
1635
4552
5297
5262
8429
4385
7757
2300
6740
4010
1200
7183
5324
2479
1020
3018
1229
7919
1860
901
6963
5613
3523
2039
5401
2815
2929
1331
40
8209
148
63
9680
6512
3452
8083
7747
5153
6503
8185
3241
9330
4819
2656
5065
3564
7301
3664
1195
2312
5142
7027
2343
2123
1075
3461
93
2378
7701
3202
1533
2825
4869
1815
2269
4871
721
7360
1612
5842
3311
8849
4270
9116
7167
6517
3070
952
8852
3584
3623
7319
8846
642
1111
5138
2194
7780
6842
5456
6322
8479
7718
4339
6361
2576
5094
9935
2357
4427
6690
5955
8057
372
4163
2779
9780
6081
9686
5580
8764
8878
4478
9573
196
1818
5512
5231
533
4898
3163
220
4647
4050
4997
2224
2805
1005
7812
160
2349
4418
4337
3381
8608
3612
8851
5764
6651
2582
707
3891
9983
6428
1965
2986
5088
6119
9619
4058
8998
9700
5890
9383
3286
9099
2395
2732
4249
8301
5750
7073
8365
4155
6542
3549
6329
7098
9629
8025
2142
6733
4996
6995
6850
990
890
90
9932
5450
1453
7946
3907
605
486
4152
2366
2757
5558
4815
7118
3451
2967
361
1247
5087
9937
6806
4636
4759
9942
8463
4091
1820
2734
9644
3166
1120
7671
6563
6687
9093
5631
7675
8206
6815
2981
4054
669
408
823
3313
8714
2330
8679
6862
339
9096
9040
6773
3148
6567
8505
4373
542
8565
80
9399
8314
8797
7796
1402
435
6343
7808
9086
1497
6159
5687
4202
7339
6784
1923
8893
1647
5400
2427
1636
1850
6912
6308
4557
442
2633
2195
4261
5954
6408
9863
9793
404
4854
4787
8798
5951
5950
8131
547
345
6822
8233
4330
6421
6230
3797
8253
861
2117
1222
1930
681
5860
5444
8943
7172
8787
11
6444
5031
4073
5751
7716
6364
8592
5885
1311
7974
2011
5230
5932
178
577
9085
4525
4912
2971
7461
5049
3966
1510
4711
6573
3997
4670
5769
3364
828
7937
969
5809
5126
7884
4474
2616
744
5007
3545
9692
5837
27
4839
4857
5719
7158
7496
6043
6594
6581
7055
3412
682
3916
4712
8013
7755
1454
9836
9928
1768
8251
5891
2391
1997
6425
4560
2813
7833
2786
4662
8388
3712
2517
396
6617
5181
2165
9980
6556
5186
3765
6071
5200
7926
5708
7580
946
9833
3094
1246
338
2336
5383
1397
4523
4582
6813
250
8028
6604
7018
6752
5356
6508
7600
8191
4940
7283
4542
8949
2022
1082
9312
4361
3072
9701
738
6228
2790
1307
3276
6189
7505
2387
2845
8860
8858
3586
6243
7685
3943
8790
6695
2254
3747
1573
2647
8971
7976
2370
7475
491
3423
7620
8061
8582
351
81
5710
502
4993
1288
6643
5588
4960
4100
9061
2548
7119
7995
6038
4052
1994
3229
4773
5476
3102
6625
6861
5628
4834
3282
3491
7745
6101
5372
1996
9779
4660
8866
5391
4944
4671
745
5853
9570
4704
1922
5010
2321
6929
4697
6029
325
8074
9847
1245
8842
3251
8144
7562
7826
7887
7864
2625
6386
6437
6414
282
6680
8683
1072
4661
5918
8677
414
7060
9540
959
9999
1146
8440
5188
4008
6288
1933
7738
9167
8342
2127
3220
8637
2541
2108
3366
9174
3762
9376
3695
2251
218
2187
7013
5827
4388
340
33
8723
9285
5834
8886
3064
4673
3600
6382
898
6399
1878
5000
5949
3053
1301
7964
3476
8371
416
2044
7563
5731
8984
8499
7426
9966
4147
539
8354
5114
6075
2242
1560
2389
3978
295
2413
1299
714
8999
12
3349
9102
8184
7714
8994
3246
6304
9176
1645
3756
9348
114
2852
9141
3051
353
9814
9592
4776
1981
6000
1251
2873
7532
3473
5062
9015
2849
3479
2510
5845
9173
9504
2532
899
1830
8571
352
1358
3151
7435
935
1769
9508
6936
1962
9067
2209
6855
8495
1211
2341
5643
7658
2211
5943
9756
7199
2599
6776
3581
5495
9894
4180
4160
4958
3852
530
2071
6579
3435
5116
9568
5644
5343
8810
6455
6392
4916
4692
6124
1208
6993
6252
1784
7540
9183
5585
7000
1325
8916
1465
839
2898
3174
8821
3440
3196
9706
30
5008
5741
2099
7114
1353
6305
3470
4035
8812
549
6012
1201
4628
1662
2595
9588
4452
2613
597
3407
1548
6545
678
5355
1604
847
7003
9941
8153
9765
4157
6105
5898
1415
2192
706
4778
9673
543
8877
1002
7309
1281
8135
4675
9013
7142
7994
3939
7676
6576
7687
9114
6764
5073
9023
1069
6768
4472
7184
2700
6546
1182
2148
7984
8536
1790
7632
3517
1857
4989
2286
5706
312
4701
7223
8605
5965
7061
2392
3012
4159
4055
4356
6916
5337
3512
2618
7665
56
4781
3992
6616
9381
5357
5265
49
6962
8137
333
4223
6533
7271
4929
3824
5492
8609
8123
8291
5850
5941
7197
8544
3444
9190
1230
7436
1164
7570
9892
2756
9137
7586
894
7109
7709
4027
5774
4386
7304
2304
8005
4720
6787
3447
367
6366
8240
1025
7300
9583
5724
3926
9516
3054
7326
9134
8007
7467
1009
2606
428
1019
9273
5110
2086
4752
5637
5923
6919
9831
2982
8880
9363
1901
1777
215
7260
7656
9957
5701
9620
7967
98
5942
2
6945
5571
563
6582
6506
8416
9838
2470
2836
9655
5505
128
3652
5346
2946
9743
5527
8742
4436
276
5020
2381
637
6309
4069
10
6153
3883
806
6439
8585
5462
2461
909
6714
5840
8307
4453
6865
9579
4075
9741
7698
1665
5625
8771
6901
5806
8977
7753
4767
8138
4903
4694
2699
1547
5174
9859
659
7983
3459
7094
4298
5716
3626
4135
6831
168
2668
1395
6177
2466
1462
7659
53
1867
6263
8075
5583
6099
7613
9147
9952
4823
2197
8424
5113
7421
562
2865
4977
5414
5964
2058
8046
1542
8331
2347
5477
7265
2564
9646
1206
4705
9151
2206
3683
4313
8133
947
2090
8919
7584
8
2070
3739
6868
2639
917
2499
7270
5268
4965
5320
7099
6783
7066
9543
8249
1408
4581
9221
3766
5281
3160
2130
9897
9327
107
3624
1186
5561
7954
6294
4546
3014
5612
363
4737
7800
5894
1112
1865
2087
6910
6627
2131
7303
1837
2085
6705
9742
6440
5986
1184
1055
1625
294
9544
8193
9890
3659
8328
1599
4748
1131
3605
4040
840
5370
1697
3003
8766
3399
4282
1603
6485
2237
9565
701
614
2325
3928
1371
3601
2909
8593
113
9988
6217
2226
6677
1632
2574
5160
2059
8835
7044
4336
4353
1704
2268
8717
5978
5427
7729
1132
6453
5154
3847
4182
2974
9939
9187
5352
9621
9140
5992
5435
2544
2630
6150
1264
8448
6930
9170
5198
9981
2259
5409
3530
3949
548
9650
5092
5257
1396
4467
5779
1231
8763
8325
9413
3268
1921
7772
2253
7294
5767
2473
4521
6357
8661
6351
1679
8542
1993
9073
7953
1233
3668
277
8701
4604
8772
244
5883
8158
2768
7614
1298
7131
9790
7133
6950
4031
8420
2876
5170
7865
1418
1372
690
313
5778
311
9193
1469
6500
3509
2718
3583
7930
3507
3170
2415
4117
4183
8870
2274
9462
4632
9182
4969
4727
4263
9737
9157
869
9632
3005
216
3243
3278
5467
3238
4065
7405
82
5540
7040
1089
377
6701
7920
9761
639
511
1365
3825
9766
5363
3654
1413
8520
4299
4093
5301
7686
2904
1594
4272
6997
3106
1351
1630
7862
3301
2408
7413
4914
9494
5720
3727
2016
6234
9255
7549
2185
1778
3554
4053
4136
8330
4080
1352
7811
9681
6826
5944
7819
7917
8205
5770
1237
4564
1758
3544
211
5759
3602
6923
1575
1467
800
4612
6317
8238
2877
8156
3526
3221
4615
2030
2969
4725
2772
5689
4506
4795
4432
6975
7287
7231
709
2240
447
4411
9902
1376
2675
801
6454
1293
9946
9403
3547
7960
1389
995
6108
8822
5093
1614
3225
5935
6144
5795
7765
8705
6204
6412
8759
5417
77
293
3477
7907
2871
3689
6015
7266
8203
9153
753
6658
9394
85
8506
5311
9962
3206
4596
5278
9155
6609
1505
4654
9084
9300
6383
5712
5120
5454
7628
3806
8632
1487
4981
6272
7117
4810
567
754
2282
9369
723
5792
9898
4329
7871
5252
3671
4287
8395
6554
8770
9465
1409
1640
3383
5755
237
5782
2303
5733
760
5672
5602
653
2701
960
4775
2524
4769
1787
1217
9713
8110
432
5670
3228
349
2137
4125
4806
3431
4301
1535
9302
5786
3958
6379
1050
2820
1688
9840
4970
1747
5501
7936
8082
713
7977
9500
8871
8470
887
4088
5461
1709
8676
4755
5581
452
3962
234
2051
2927
9367
7706
5715
5195
1620
2903
7162
7251
243
3800
5878
8392
8844
4056
3377
9055
4029
5143
9286
932
1455
7367
388
9115
2818
7207
6825
1702
7733
7239
1339
9622
271
4451
8298
9006
4656
6843
385
7588
8805
8073
4867
5329
1552
3893
5308
6709
9144
8662
9467
4476
2174
1125
966
4320
2830
1026
124
9065
3809
1767
3382
6021
3808
2921
8946
7582
818
8546
5016
3946
9005
8573
731
1425
7203
5812
788
9640
1303
1059
5030
9661
7537
5325
910
7849
5896
2620
686
5892
3700
6277
8944
573
8462
1130
9708
9452
1550
3774
7456
4611
6445
5203
521
2145
2626
982
4845
5776
3462
390
3745
9745
2029
8535
2164
2048
9210
9064
6199
7583
2538
6449
7355
757
4481
3201
370
5525
2485
1840
5939
7601
6213
1893
4772
7616
272
9107
7051
8475
772
9665
3768
3131
5907
561
8817
7903
5066
337
5122
1239
7441
711
3087
9774
2124
2810
8899
8273
2914
1422
7837
4757
3574
6312
6267
6707
5693
643
1582
3878
6605
4527
8126
3323
3651
7288
914
1738
4113
551
6782
5825
2320
5100
5140
9916
2139
374
7080
3888
8819
3439
147
6884
91
6610
9870
7761
303
9735
6393
3073
7694
4897
3684
7161
2833
8370
470
6477
6994
6537
9718
7175
2243
3686
1052
5833
9899
400
4586
768
786
2122
5465
9725
756
4292
6007
7052
8671
15
1900
1346
8077
1473
4798
6629
2822
2854
7312
8362
6346
7489
8588
7816
1711
3505
7891
6368
457
4269
7684
6671
3262
2609
1063
7232
6389
2631
742
144
7272
2104
1265
1099
9880
879
689
2072
6549
7881
4991
203
4616
4642
7274
4791
7400
4652
478
5650
5594
845
6082
3032
8502
1329
9876
3487
2250
752
1651
9442
5144
7879
8259
9666
1619
5235
4004
7434
6218
4573
9284
4877
3950
3203
3403
4538
5350
1144
7759
4252
4593
3042
4105
9813
3497
799
6931
3396
8625
9435
5149
6974
6967
5009
3665
3661
6833
846
9820
5182
3606
1534
7095
9111
5440
6022
8105
7331
9727
261
1322
5962
89
3255
9269
6996
9921
7956
7143
665
8059
6462
6688
3979
5413
8081
9998
2546
3967
8088
6762
7037
780
78
4278
8920
2119
3427
9043
4530
834
7241
1753
4366
9347
4216
1308
1283
6044
1183
6374
9022
1946
7893
4851
1655
9645
192
4931
3616
4601
903
8461
3580
842
7615
6734
1685
2605
5515
9082
1863
7664
222
6810
5253
9249
3917
5936
5326
7034
9251
3288
7591
6148
5211
45
3485
5709
3502
3801
9830
1937
9154
2065
1724
6691
8483
3874
4271
8222
1823
7777
9276
9581
1765
8578
207
5432
634
2255
8504
3272
4992
8397
2780
436
4079
7378
9195
4513
2575
3835
5915
1803
4853
5789
1520
6300
8232
7752
902
9422
1291
219
8660
8180
5353
6125
5611
8862
705
7927
1642
4273
5286
7552
5636
4987
8356
4407
6774
134
4631
6324
3799
6074
9411
5844
9933
9739
2080
6988
3019
2953
3521
6944
5081
1449
3481
4036
1074
5300
472
1634
8775
2596
2034
9710
8113
4817
8726
4357
5019
6640
8816
8556
9746
9252
8250
5889
5
9027
7836
4956
3345
529
3121
3778
1194
1523
1720
2267
2092
8221
8703
7929
1445
759
7188
2878
320
3793
612
3733
5758
5621
3214
7845
8868
8002
1887
6530
2227
1035
8724
9819
3843
7842
8457
165
4700
7519
8813
3560
1029
1263
7749
2704
6693
9604
8962
1362
3347
8782
8108
8040
2152
9238
3247
483
622
781
3912
8549
324
9590
7019
6528
4974
7652
4176
2475
1443
9454
6028
8035
1306
3103
5328
7872
3448
9332
7949
6315
8728
2162
2685
8961
9688
797
1707
2769
4893
34
5204
1161
298
4237
2999
4626
7548
6720
4927
419
8493
2179
8161
3942
5545
9024
8352
6411
1898
4841
6515
6464
5371
1780
2954
2628
9331
5691
773
4907
1036
4743
6789
249
4482
7681
6745
5783
2900
4592
425
4838
236
891
3947
8471
9930
8820
7179
4951
5618
8422
3164
3826
5390
5385
514
8321
9607
5004
3034
8967
8050
7520
987
8748
6883
4317
4191
817
1224
79
7279
7996
4198
1064
4435
9919
64
1690
6395
3334
6840
7534
8613
9020
2429
4734
2083
6033
975
9812
1859
5067
8539
6739
6667
1468
3128
8599
919
4377
4129
4220
508
3734
119
3532
9396
4811
7617
3775
7135
7208
8452
5217
928
9239
4868
8675
7451
7560
7784
9375
8641
3833
7327
4438
7029
151
1559
7912
2316
8183
8690
2459
8258
4243
4205
300
9247
8310
4101
8239
2640
2496
3237
4187
6306
6369
8045
1494
8647
4307
5940
2935
2712
838
9591
5175
2207
3975
2328
2126
7325
3728
3338
5473
3736
7495
1401
3096
6574
1279
7801
5366
5642
4043
3233
4195
7375
2504
5376
2235
9313
4018
1920
1914
6241
6466
9475
5025
7056
1991
257
9548
7390
6419
7058
4414
6571
3446
2728
9652
578
1103
2906
6874
167
4803
1849
7695
7823
3643
3350
9472
8296
7302
2094
2444
793
9951
3031
6819
7556
6178
3269
6529
5046
3472
3870
2036
2418
3563
4909
8793
9702
8828
2406
3341
870
8187
8791
6838
5494
9087
1727
265
2212
6350
1037
3298
1013
3918
4957
6965
4485
9291
2150
3773
2046
1912
1586
9335
3138
3872
5156
7460
8908
867
8746
4469
2710
5520
1967
3691
8029
4297
3152
5865
7649
2874
5218
609
6149
1739
9562
5948
1525
3561
1058
7286
1875
7848
9694
100
9410
3681
4071
3804
3627
2859
5136
3496
7438
6715
4995
8055
3092
2136
741
4445
8833
2082
6847
9095
2471
6181
8160
2560
1703
7619
3260
2991
2945
8320
8406
9722
7922
6269
7758
5117
5902
2005
286
4565
3968
3098
469
6728
8353
5737
8192
7478
8031
4022
501
6203
1942
6290
2490
6394
2057
8800
4814
6584
2028
4145
7332
7764
5705
7402
2159
8548
7173
9753
9050
8630
123
8626
6799
9751
2500
8453
9289
9649
1348
3539
4585
3344
5471
708
2753
9927
977
7147
1398
7345
6404
2846
6897
2936
985
2962
8097
3782
3722
9051
2270
4410
9561
1295
7042
8118
1458
9112
9636
7338
7860
1670
8550
225
9918
2451
7527
4466
8754
2225
2483
7295
7259
3761
3095
1964
2425
8116
3155
5302
9088
9478
3579
7192
6334
7648
7781
7813
3328
8147
1827
4518
1566
8335
1826
6246
1188
7154
474
6255
4672
4364
4849
2894
5410
4946
9683
7050
373
1756
401
6249
8323
9572
6876
9423
6620
4462
6572
8165
109
3629
1297
4464
5556
8681
8653
5146
5496
7257
4132
5106
5455
1649
9357
2245
2940
550
482
1691
7078
5017
8348
5027
7407
9759
7054
3113
6803
2658
5609
498
1143
7296
3987
108
5876
174
4318
8554
3780
6681
3974
8099
4033
3877
2995
8960
8069
3
8051
9019
4610
4761
4799
9297
7762
3408
5277
2717
4166
343
6703
9129
3990
5839
1955
1804
4719
4686
658
7181
2920
3327
3644
5647
7774
9695
355
3438
2218
1488
8360
3934
6107
1244
4134
7072
488
5289
1554
8882
9486
3198
6472
4783
7739
8664
4268
6631
6642
5283
8777
6886
7904
346
3889
3969
4227
6948
4477
1451
9260
8285
1544
22
7149
2965
8830
2872
6568
7932
1414
200
3306
3688
1140
5793
3179
571
9625
4933
9967
1998
2711
102
7165
5002
7217
4310
7096
9365
4107
3666
2037
468
1085
3049
6558
6063
684
4188
7125
7846
8237
2205
48
7105
3614
9390
7968
7870
357
2446
1033
9818
6193
6258
8455
4218
5407
2970
9733
4785
2481
7928
2692
5261
42
3185
3120
5011
5679
4399
6055
9000
6112
6147
5862
3904
7794
4653
3078
9602
1892
1071
9443
7383
3571
6095
1023
1213
1794
8612
461
5610
9512
2659
9589
3289
9303
7541
1945
6484
2183
247
8379
6339
4044
2506
8143
3860
1608
1926
5190
7315
8186
5884
7644
993
1189
5028
2985
494
9405
3141
3667
1729
9970
9763
8648
9164
1166
2968
9554
8450
8447
3162
5165
775
1147
3217
2393
9078
2322
8956
9211
5603
6738
8292
2505
5364
7821
1980
6915
7596
7341
3080
6468
9796
8980
1516
8861
6259
2464
7030
3556
7786
3213
1108
6881
2146
4941
2694
5652
4531
8597
5684
4063
8778
3433
4608
2469
1546
8412
5439
61
8011
2511
9451
7935
8735
7679
4259
7474
4096
6532
7205
851
9124
8558
6514
1664
971
1116
6618
246
5047
6933
7001
5112
450
604
6302
1601
8922
39
2885
2181
8815
6698
6696
9556
5682
6291
9841
8334
5402
7497
6756
3884
554
199
3004
5977
7168
260
6327
8649
4945
6839
7666
3307
3649
805
5857
5332
4665
4567
5659
4978
9860
8197
1482
3352
3994
1380
4735
2941
7494
5972
8326
2052
6461
6137
2992
7677
4118
8656
630
9163
778
4190
7723
8030
8710
1489
8411
1808
3226
671
1228
1464
1123
6775
4006
1315
1565
4770
5426
1078
7971
6279
4219
7418
4487
648
4265
3492
7959
4480
5424
487
6795
2364
136
3197
6151
8242
8987
2802
6619
8979
331
7356
5575
7425
9631
6543
7740
7399
2323
3845
8163
6982
9374
8779
5090
6245
2996
7702
6410
6589
583
9346
6808
4266
8194
4828
3329
7035
1913
2007
4314
555
4873
6777
7941
1051
1578
4623
2054
725
6170
1106
9826
7381
3679
6123
8566
6863
2916
9136
2495
6278
186
76
87
5207
402
4911
9392
9559
6266
5849
6961
6647
6959
7843
4037
8366
1479
2021
7068
4062
7997
4153
7866
5967
3489
4833
6006
7278
3320
7610
7697
9441
380
8149
7254
9914
2433
1193
5269
2168
2617
6250
6878
3232
4149
7335
7916
3880
5306
5040
5578
7867
5273
2216
9770
8983
6661
183
2899
6476
1928
2960
7316
8174
3945
994
421
1210
8255
8806
7760
9139
9758
8757
4932
4962
4789
6644
4039
1185
1743
923
6516
4169
4664
4154
6753
5617
6035
3970
7501
6830
7989
5762
1749
735
6053
874
2665
2258
9321
2426
4213
1881
5345
4822
9175
4381
5489
9474
5349
9781
9764
6711
376
6737
5787
1576
3714
1475
7538
1772
2386
5263
4110
7433
1882
7577
1407
1038
6238
9687
9844
348
5109
6613
3016
1474
4859
5158
132
2203
6353
8673
2848
8295
4534
9209
1842
7492
1522
8271
3083
8090
6224
490
4026
5596
6750
921
8501
9788
7215
3635
829
8789
8928
4406
2191
2149
5361
7712
55
4855
9926
3146
9524
3474
4460
5785
6866
1811
2579
727
9528
8840
8579
7277
9371
5279
6262
4424
3648
6717
4420
9797
403
9884
5566
8704
7273
2215
5851
4934
3154
8686
9097
2662
1427
6832
9035
1799
9953
1802
7450
3618
6860
2234
5553
7190
9077
399
1545
3252
8753
6564
2027
876
3827
4242
5790
8065
2881
7595
1347
6828
4971
7653
3755
6694
1748
8989
4866
1502
1970
814
6413
5422
5928
1879
8750
516
3378
672
9110
495
235
9883
8484
9033
5524
3296
575
5543
6020
1411
989
1481
645
6702
7689
6637
3261
6141
332
8527
6798
9039
7151
4078
2624
2559
6102
245
6526
8260
2249
2629
9083
9328
1257
5330
5856
7961
3219
6314
6459
9398
9787
8375
32
4984
2291
6320
4128
2221
1021
2897
2166
5614
1960
3980
4724
3223
8022
4745
4689
449
7358
6562
6670
8936
4398
5022
6935
5293
8981
4133
8948
3026
2106
4908
8020
9162
7235
1390
4930
4863
4404
9419
8408
8655
2352
7380
8289
6113
6767
2932
229
7026
9009
537
1457
1079
84
1181
4880
2933
7246
9740
2345
9431
1126
3927
7320
907
2184
9201
4139
1839
2526
2331
912
2169
6541
9736
8659
6892
7387
5738
9586
3955
5396
240
536
2679
8761
5294
6954
8339
3258
9905
1438
7276
8591
983
5676
9612
5801
8315
4508
3929
4229
6355
7440
4274
1040
1439
1592
9506
1343
7022
2800
3938
1835
5521
19
7948
4920
4146
4864
6172
2133
8804
2160
7102
1744
7376
3379
7411
6536
8731
1452
9949
5451
7642
125
3993
8482
3537
1730
6032
3420
2396
8834
8322
287
8825
1252
6016
2252
9309
3922
7763
5742
6683
6345
5469
813
4173
6387
1225
4348
6232
2928
6649
7766
1101
2401
4046
2296
6788
2478
3281
462
9109
771
7067
5904
2377
6601
6452
9382
2767
7330
510
5946
7672
2950
391
2079
6301
6186
3506
6735
2796
7233
5981
9850
6697
208
7337
4514
6902
2869
1949
7334
4959
2140
1868
4882
3443
3024
1773
5818
8089
3540
3212
8913
695
7803
5246
3508
8823
3159
616
1432
8386
4569
1650
8885
9256
8093
1429
3511
1420
4522
4124
427
2041
484
6818
1148
1491
576
4578
9171
9240
6248
4257
7285
1345
8788
743
1825
2116
6729
9989
7447
3038
2167
572
8525
6927
6903
2256
4034
948
9492
5036
2261
2372
8263
5771
8053
8414
73
6376
5548
3283
1951
328
8124
7396
7506
6049
1309
2346
1615
2819
6072
8758
1327
1977
4009
8284
47
326
7253
8344
3091
9801
9324
5162
1683
1656
7829
4248
2587
270
8636
2196
6921
4001
8241
7
1532
2241
3779
1109
9449
9738
1862
2761
6793
2012
2879
4461
3187
712
4852
7875
7240
4347
6207
9075
2638
2637
6523
6949
5224
6354
4605
6446
4197
3895
9317
1274
4622
5360
626
3633
9993
6989
4375
7663
4352
4498
3933
2118
6970
5130
8667
8175
9493
8903
5123
2353
335
4225
9028
364
4443
2888
7384
8454
2135
1008
9805
209
7940
4639
8278
5903
9149
8507
2930
6479
924
7799
1118
1434
5194
7668
8561
1388
5006
3343
9520
5155
3930
2275
4246
5754
1755
1367
2129
3346
3783
4935
1145
9975
2806
6804
3240
5989
6373
3099
5513
9606
4048
1463
173
6156
5550
5295
950
7602
9133
5634
9368
2666
1095
3401
1889
4170
5221
7373
2385
7818
8293
2442
6611
2741
6078
972
4732
3851
8361
8569
5619
2204
6980
3211
4503
2963
7333
7388
9427
6363
892
4483
5570
1057
9979
7028
1845
7606
2989
5035
4244
2817
3952
5572
1350
3424
9432
8387
41
9807
1917
5605
8918
1341
6202
8120
9355
496
74
3454
4077
2998
3290
8432
2299
976
6448
6615
8140
9287
9361
1956
5358
697
4972
3690
1157
8575
7724
7082
4918
8426
278
8807
3692
8234
8906
9827
6859
936
9066
7751
8129
7229
6547
3033
816
9106
2737
8319
7605
1659
7973
7430
1947
8311
6633
8084
1719
5826
6443
9931
8541
5958
4209
3873
8879
7448
3672
9245
9222
3920
1940
5168
6338
7491
6550
2281
7344
8932
9212
2000
9491
6780
162
5623
301
6790
8755
918
6648
9132
6650
7699
6008
8621
8953
8264
5528
4808
2812
4862
6120
503
2344
6502
5882
3356
1221
1763
5266
6685
4224
1426
1821
8252
7779
2956
3757
5208
8572
4372
9125
2745
2262
7736
4590
8567
1160
321
4876
7064
9138
7097
2222
9243
4879
6336
368
9909
8246
2882
6742
6311
6689
5727
8590
1349
3903
5973
8532
7062
1081
2738
456
3740
9236
5854
8693
5536
1424
5475
6463
3393
8468
7542
3896
4005
9552
453
3376
9679
422
7454
3280
8168
7704
8721
7014
3086
6430
4805
5960
7465
1816
1745
8707
7708
1250
3302
4072
4421
3961
4345
20
9038
2693
35
1394
5929
5220
1530
2003
7012
6106
4277
3059
4448
9053
2821
2423
3746
137
6891
8098
9476
5598
7091
50
9895
9854
4030
4193
9234
927
3392
1027
6800
7795
4730
2566
580
1162
6983
2403
6045
733
1915
6061
9185
1919
6158
2514
4334
9566
9237
8610
5445
6942
3813
849
9986
4555
7734
7673
9545
5802
2681
6164
6875
4936
1726
8363
2580
933
6110
3020
7214
3336
7410
7347
3348
7305
785
1600
3145
1151
4731
1701
8531
7703
3319
1785
1528
625
9047
4579
2172
6624
8417
9978
9103
310
3641
9408
2374
455
8522
8890
8257
2311
3673
3157
640
8274
4865
9867
8054
8802
3534
6922
6079
2467
1270
5334
715
6879
254
7488
7869
6904
5567
7832
9837
7514
6253
5653
1669
9068
7791
4322
3754
6328
1680
7579
3794
9440
4394
9325
2443
2067
6957
5315
1895
4553
8300
2014
1204
5274
9907
4250
9223
8236
2922
1486
3812
722
5604
5752
7127
6050
6130
6932
5698
5243
3576
7422
7182
595
1004
1536
4955
9810
5645
1574
1048
7952
8494
7776
8155
9886
3101
5399
1416
5392
341
4738
5506
9760
1485
9316
7234
5773
6037
7106
9439
7307
1287
5589
3715
1335
8389
9282
8309
5542
2702
4782
9968
6560
8751
2691
7608
2594
4921
9726
9351
8418
5555
5723
485
5063
3305
2682
1904
5969
2611
9549
9775
5757
7369
996
6133
7382
476
9911
6197
5380
1262
9542
9391
86
7814
9929
4255
212
9166
3983
6731
3855
2803
6978
4471
5389
4494
717
6602
4891
6085
1011
8811
8460
2176
420
5562
9697
3234
3575
4883
7876
9594
6187
4710
3696
5338
1798
3184
4753
2151
8837
807
8628
9150
5718
9400
7248
8312
2955
3841
3235
6360
4551
6210
9295
9366
7905
8741
6087
6917
7047
3071
9846
8086
2915
2513
5998
5053
904
3001
3273
2360
5868
3730
2455
4446
4140
7468
1673
2285
3832
8925
3373
7969
3937
7397
1813
5514
8978
7710
473
1203
3830
4717
6918
9776
3312
6251
8958
231
3457
7943
1483
4685
6237
6882
8901
4843
2422
833
9964
350
5707
4496
611
1392
4074
1759
4688
6429
6873
5930
7238
8680
4638
7634
1278
8769
9128
7790
4007
5921
4417
6240
8534
5381
6987
1360
9901
2604
7531
7553
1046
2708
3701
68
389
7473
6109
3857
4844
9614
4085
2671
5074
7594
5961
409
8898
7038
699
394
4802
999
4915
5547
1572
3611
9343
4816
6121
3940
6548
9729
2214
3741
6286
8615
3068
6779
1593
6318
3924
3084
1340
6271
8668
5696
8122
5244
3140
1983
1658
7654
831
2302
5077
7328
2664
6593
3570
523
143
440
6057
9262
6864
2434
657
4896
4740
5403
448
5227
1436
2078
7299
2860
4706
2789
4194
825
3335
4490
170
5725
7991
8643
7423
7669
3902
458
6846
2297
3119
3578
4178
5924
3988
3414
8338
7906
4968
1979
4302
9829
354
1336
2002
5369
5974
3944
5038
6889
5382
9030
3676
1831
4858
3417
5526
9463
8685
2277
8481
5115
6287
2365
1941
4924
5134
5554
6422
1817
5953
358
115
6607
8853
8436
9762
945
381
3035
9580
2739
4437
3726
9533
2663
2861
9714
4620
9569
7186
3791
9615
1175
3175
8740
2098
7825
2842
2128
9496
1884
210
7236
5798
2266
4346
865
9974
2103
7466
70
6894
9843
4103
8963
6456
1471
9031
2588
5745
2832
7986
8691
5034
7598
155
7980
938
787
213
7525
3760
1906
2439
5991
1480
2120
8911
5485
1551
5463
9959
7515
5490
5180
7950
4335
9523
2889
3802
446
5045
8907
4295
5044
9825
7914
6943
7688
3687
319
2653
5593
8640
7155
2572
2884
560
2645
3209
4766
3432
9092
8650
9842
7981
2315
751
2031
5105
3394
8111
6668
1963
9507
2978
9104
4032
1366
5886
957
3330
1387
7831
3566
7048
4559
9387
4702
5201
6986
8839
5503
4509
3737
2555
4241
9294
6990
5963
8715
1973
664
7244
3231
6002
4061
3389
3834
5393
586
5629
9547
5595
5079
3788
4715
6635
1374
3591
1375
2111
5869
2826
6132
6409
3434
8725
4716
4294
3017
3822
384
1687
9042
279
4603
2038
1660
9822
5251
6034
4982
7198
1712
4204
8190
7990
1312
9062
5434
8290
7627
4659
641
88
9049
2931
9480
4707
6013
570
2531
8891
8665
1364
4580
9012
1579
3897
6491
8829
6066
3867
9511
6853
3569
7419
1613
1173
9721
5164
1694
1952
51
1168
5934
5095
6223
7680
3639
5069
2355
9748
1931
3254
4829
9772
8616
8912
1653
2091
3180
4824
2177
9767
4300
6724
518
3062
6142
7693
9311
1648
1795
8179
7746
9418
1326
7509
6857
4186
4391
9969
6405
1570
4779
4185
1134
7585
1543
2581
8376
2340
9450
2334
9784
1517
9864
2088
1714
5775
9058
1852
6352
512
164
6058
2319
621
954
3803
8843
2420
8349
4516
7726
9560
221
7523
2938
9119
7987
5228
4089
5920
5702
601
7985
9950
3617
6356
9657
2368
3165
5597
3135
3752
7730
1910
2785
9643
6660
7861
7049
4368
7243
3081
2437
9003
14
4111
698
111
2670
5064
465
967
7385
5848
7683
8959
4184
2525
2376
7458
7045
1995
4558
553
2229
3991
5240
3828
9675
4919
8114
6636
4529
5487
2600
5690
8409
6646
6433
5347
2748
837
7159
9596
4131
600
1686
8275
3595
2279
5189
8604
5819
9696
7108
8702
7696
8509
288
7394
8095
4888
5666
6014
1176
8905
1708
7828
3749
5945
4966
8603
5152
3441
223
3658
4713
6786
8145
9633
479
1179
5874
3572
7138
6913
1916
6265
1080
8136
7480
552
6905
8261
7722
6852
3759
7574
8889
8732
1076
765
9094
8652
1044
3925
534
5412
5290
290
6442
5043
8796
6569
3501
4164
8076
9755
7218
6307
9264
8070
1943
2010
1212
4484
766
9794
2042
8037
1442
23
574
7508
1276
6626
4571
6261
8268
5129
253
9406
509
2411
1805
6951
764
2144
7522
2864
1583
4470
9541
7587
8909
9546
3426
9489
6003
9873
6001
8854
6185
7420
7342
8368
9479
8245
4002
7483
9517
5999
2109
692
1150
6747
3076
6870
2068
4465
5039
6465
3287
4457
6023
4568
3317
8545
2534
7569
481
8904
6841
1466
1580
9202
6679
7166
4547
2339
3415
3716
8329
6706
6215
1124
1472
94
131
1138
9338
4874
7409
9307
8940
7377
7958
5498
1054
6895
7890
3006
4323
1417
7414
226
5927
2260
3400
4511
8280
3136
5970
540
7827
3795
6511
2722
5197
4066
5735
9339
8745
3810
619
1734
1084
8393
2997
1571
149
3244
5388
5863
8318
9342
5987
1512
8410
8537
2351
1498
5205
9728
4904
4235
6634
2480
2853
8435
1752
3309
8043
893
7354
6096
1218
974
7592
5829
3636
5564
9105
1598
161
973
964
2556
1569
266
6663
4360
5351
1292
8859
3525
1761
1537
3853
8663
5317
6621
7439
4794
4742
256
704
6089
2375
8372
6551
6493
9356
5050
6310
7844
579
9323
9849
1154
1368
8141
1104
9258
8574
1073
9848
4714
9070
3308
1521
3680
2326
8969
1639
406
7966
6070
8875
6380
2660
1428
4736
6264
6167
5225
7128
4060
8071
4025
5990
8333
2440
2198
5018
3372
9117
6200
9293
7892
8642
198
3483
7472
3911
4015
9414
4875
5072
7174
6424
1060
4369
4609
7915
6201
3973
1083
3402
6807
9052
8600
3362
4499
8177
5683
1286
6827
38
1361
2110
1254
4621
6570
3829
3047
8795
7789
8154
4764
7629
9199
2512
873
1935
7901
3538
4899
5820
3442
3188
5748
9530
2850
587
2689
2317
126
792
8281
9582
2841
5847
9536
1207
2571
1271
3879
1253
5808
8760
9823
3205
4973
8072
3167
2419
4181
7004
4276
1668
8302
7363
8157
5897
2868
6867
1377
7972
4760
5931
318
9490
1359
1858
7551
5703
285
7428
7025
4084
9564
127
2208
8651
7379
7882
6595
7921
1226
4937
9639
693
8189
4532
1741
9861
5824
3910
8286
7992
9057
445
7883
297
9213
4141
2697
2690
8210
2180
8441
7938
9699
7558
275
6559
8016
6585
1563
7732
8042
4840
4383
6710
6330
3110
8347
4254
3862
9235
6179
7809
8485
8601
8991
5484
5260
720
8950
7219
497
6077
5430
8060
2482
3707
5104
8708
6332
6471
7227
7609
7317
2342
5648
1386
146
8085
9587
7116
6653
1316
4362
2875
7737
5135
1902
4754
1944
9283
4214
5760
2957
1136
4449
4703
3387
8557
9943
524
8229
8396
8559
3936
5091
7529
5318
6871
2651
9314
1133
3058
3318
44
2399
7225
880
4792
5457
6888
130
8381
2158
7481
1814
8688
7392
2811
2265
3488
8511
9835
6509
4454
7210
5209
2673
4308
2808
1676
7547
5241
4744
1555
6162
8067
5453
9698
2774
3719
1869
1985
9319
1114
5546
415
2380
4172
5059
4594
9638
1507
1477
1807
8709
1776
2724
1446
2001
4545
1282
7499
284
1163
1478
4640
594
7268
3593
5509
133
8456
7641
329
6489
5258
5234
8196
2230
5429
3621
6770
6326
9532
5800
1165
9197
9715
5303
628
5639
7032
4390
6031
8934
6645
4683
3404
4963
9072
6396
8130
2200
7366
4434
3395
2231
2893
7093
1314
3248
2035
3630
31
4747
6431
5747
4905
2263
2919
2910
1319
6157
2643
8814
7555
9272
2586
8431
5534
6836
8104
1736
1370
5606
3256
1115
451
1412
4633
4894
4338
6385
2731
6553
3082
8646
1256
6367
3653
2535
7925
2114
3075
8598
8026
1158
1770
4500
3637
6844
4380
2794
5362
4106
8018
1531
9471
5832
8394
4980
7293
9120
2782
6837
4696
6319
1674
5677
7597
6040
7152
6678
6887
9341
5285
9613
7748
8848
6896
8351
4618
4396
3771
9089
7221
7820
2032
3882
5763
3124
5275
2720
2170
2523
7513
9515
1421
8970
9641
314
8477
7120
2507
4199
7667
7471
5569
1591
7517
2977
675
7297
6907
7711
5700
1139
1155
5378
6766
1723
8378
8635
2061
1098
7263
194
6402
2551
4122
2055
3398
5139
5322
1041
5744
6056
2795
5531
5557
9409
7778
8491
4112
6499
5118
4441
8711
8762
2460
6603
3607
1693
6219
347
8167
4832
5167
3976
4296
2783
8947
2020
217
7053
9242
4994
3465
8490
3463
5339
9466
4574
688
6900
9514
1039
1595
9098
7350
5192
2698
1809
405
3818
7802
5796
1266
9218
7230
7298
5111
6817
3325
3615
233
7874
6947
1541
2491
1695
860
4371
2913
5551
736
8627
2552
779
2383
4998
949
3158
2143
6985
4201
7005
2132
4047
507
6781
2190
5173
8433
2729
2043
1812
4231
1313
1077
3122
3972
2709
1215
9487
6719
7896
9658
9664
2887
526
7561
5688
9624
5830
7731
740
5288
8254
1001
3787
4468
9021
5574
8001
4809
3353
7370
8503
5359
1925
719
6763
6004
5746
769
4341
3935
7631
2337
8182
8094
7647
6969
3411
3516
8413
5033
9384
7204
3977
5214
1866
9648
7645
8699
4699
1379
7635
3108
4902
5213
4602
531
1493
5336
8781
9597
7121
5057
4589
3844
6845
1129
5665
386
9373
1733
6281
9180
3622
9906
5179
7057
9241
3999
411
5831
1142
7511
8024
963
8467
3468
7255
1220
3838
1562
4635
5518
7888
9656
3543
796
5655
3971
6048
4728
369
9731
2788
7123
8937
3370
5671
7453
9973
9080
8443
3189
3010
2676
8993
9349
7640
9002
1524
9771
1959
7129
7033
6398
8125
5187
7581
4645
2233
6146
1596
761
875
8350
3685
934
3520
4928
9868
3271
7393
6704
7459
7189
1435
9563
843
7485
7999
5875
7502
8091
1621
8415
6220
9458
5147
1751
811
8427
1854
2952
2489
871
3702
8198
431
6093
7535
3041
9362
6111
2744
1606
9280
7660
62
2558
6519
4293
4413
2746
2784
3275
8047
3172
9495
2858
9230
4668
8784
8117
4108
6358
3137
1801
7157
4447
4535
1243
2584
7284
3805
4539
5083
1936
397
9893
6977
181
6388
4507
475
620
1766
798
2840
8473
9025
4913
5917
1107
6958
5433
8146
6136
8304
6924
7250
1609
8134
3960
9229
9647
4349
2358
2857
5616
1602
1754
9599
2431
6971
5817
2156
2530
3594
4820
1982
9108
3259
1678
2390
3339
4291
5015
9146
8832
4262
3582
3650
8211
2608
5576
3610
3023
9925
5394
1202
4024
4925
3299
1584
2527
8188
1354
9519
3524
8139
7196
6785
5070
9165
4281
175
1624
8515
6160
5216
3941
9011
2959
8400
1178
6188
6598
4021
9904
6073
7857
9972
7573
6211
8294
8900
885
7201
3522
4637
2141
6256
8730
7090
7110
9535
398
5488
3546
1843
1501
69
6906
1927
1381
2220
2912
6378
5096
7101
5841
1822
6496
9924
2686
1476
9910
4682
8402
858
7750
4646
9593
3697
1880
7899
9007
696
1667
1699
60
8516
3011
5895
6759
5196
6672
4666
8595
3518
9345
5804
480
7993
437
7343
940
4953
9233
9917
2493
9719
1328
5368
5957
4722
7185
7607
426
9054
2520
4121
897
7071
8044
5788
2516
8611
5919
2288
1684
2669
2327
7011
9527
8533
4528
3207
268
4741
7100
4910
6194
6166
9723
2394
8451
5058
666
803
2004
5607
9534
3763
6407
4533
7220
5852
2557
6005
1296
2683
141
5663
2610
6746
5448
3792
5048
1740
5821
323
7539
1896
755
3416
8624
6684
2791
6375
5423
4280
593
6829
6654
8727
7638
3044
6316
8195
6126
1153
7900
6254
6418
5097
7476
1969
6851
103
8217
3061
8776
5276
7852
6498
4750
8288
5185
5003
1627
2458
3514
1261
9991
2450
5956
767
4901
2430
1529
5976
1844
1391
2178
1847
850
8164
1605
5239
4561
4648
4536
3134
6628
649
3332
4097
3437
8517
8003
3743
3436
3405
650
5150
4842
9811
3274
3744
3027
7578
981
8767
2589
9888
3592
2726
2765
7742
9499
360
7951
230
5344
2549
900
2163
2287
4510
7500
8489
7599
7692
1836
5304
8243
3493
4830
7318
1378
2462
371
3030
1793
3608
9045
9159
8306
8317
4234
7618
4630
790
7432
676
8008
2074
5340
460
9412
5247
9192
1899
6381
7329
2687
7364
5980
8666
1540
5573
1883
4872
7856
5859
6122
7880
3871
4165
4595
4985
7512
5797
57
9502
2759
7087
8106
1861
9667
9685
5029
158
8303
5846
1564
322
5781
3386
3490
4221
2730
3551
1032
1043
4597
3909
2723
7256
6960
5299
2113
3453
6676
9389
7146
883
7222
3067
794
610
2601
6835
9482
8445
7163
6926
9123
8508
7719
2880
8119
1558
3324
1097
7979
4617
5563
1876
8831
3846
3494
2733
6010
4076
3204
5579
4979
7169
8563
2655
9971
9800
1441
598
8774
9377
6639
8995
9178
227
7858
6009
140
255
4583
8523
4431
5354
3125
1169
660
2112
6273
9777
3886
3186
4687
822
826
3369
1633
3222
3177
8469
8266
4400
1490
2890
4796
2201
9425
2907
3738
2750
330
3045
5199
1267
7725
9076
3784
9730
9617
4505
9659
4104
3471
4161
1954
7908
3039
5480
596
1330
8151
8464
3693
1527
4463
2650
9122
5714
746
5649
2614
3770
5624
6856
7674
8169
6608
6092
7728
106
4331
1984
8964
4067
3555
6941
6426
1731
3638
9205
8921
3384
6469
6578
661
1762
3836
1700
2695
344
6242
4289
8933
9048
439
9982
827
2707
9578
5906
4543
1629
4655
4207
7200
9184
26
8669
7086
2509
8014
6127
9018
9014
3303
4144
2943
7965
5291
7361
4709
5925
1797
3710
7193
1094
4148
4200
1373
9616
2060
8092
7650
1610
3957
6284
189
9940
8425
3065
2264
9642
1553
7923
1167
1119
6524
8553
8682
2062
8202
8552
8718
868
1888
1404
7636
9
2678
9558
4251
8614
3428
7206
8474
252
9634
9090
8056
546
9671
6673
2939
5441
2781
3458
5474
5814
3720
2942
7773
9945
4440
3785
1689
7357
193
8064
1268
202
3464
1236
5481
6176
5822
4455
5446
1334
9501
7006
607
6955
9127
8247
4120
5541
7395
7153
8102
5242
5675
9670
7982
864
9169
866
8228
1616
4389
2856
6083
9789
9385
1976
2416
3046
6513
7346
4102
2776
3725
9915
7543
3748
4554
9100
8684
2892
6134
6434
6209
4401
8938
8449
937
1853
7036
96
7524
7180
6195
117
29
8526
8103
6216
591
1581
8010
2799
4350
5271
8996
3587
315
1832
7898
8976
4813
1447
1191
9555
5544
6797
9421
3385
3161
4537
2627
1470
7682
9954
6555
5913
7359
9908
5836
13
6686
2949
9747
5141
8367
6415
5582
274
737
4238
1834
1677
9231
9407
1966
8865
6566
8927
9029
6823
24
2743
6682
2642
1518
8063
6587
9278
4695
8305
8658
8476
7913
9189
7624
3711
1197
3604
8227
5807
1918
7830
5313
7314
3588
3892
8374
5601
8297
1049
819
1503
7507
6432
2293
7768
5296
6732
4756
9017
3542
3817
4365
9786
7431
4681
6501
6041
599
3021
2453
2463
662
9004
951
4196
1321
9445
8923
991
1156
7550
6664
2672
9503
5632
8929
9232
2593
2603
2290
6638
2503
43
5664
4116
4723
532
3279
747
4520
2421
3814
4614
2228
3315
4831
2033
6814
1363
8785
7902
4599
7228
830
3655
459
1870
962
2597
8915
4304
7092
4042
8838
3363
632
307
2705
4011
8355
7804
7566
9353
984
2193
9804
1294
4825
1585
2398
3875
1393
7002
112
5577
8132
8115
1122
9226
4382
4837
6397
9464
7700
2409
4206
1873
3642
7306
6976
3469
6869
8596
8863
515
872
4983
8773
7187
7386
3097
2777
9281
6659
4028
4402
3713
810
2550
6669
734
8729
2657
525
4256
2101
3239
3126
9509
4947
2294
8794
5068
9750
8584
3856
3531
8019
4081
6104
3807
3499
9470
4563
8332
3861
4175
3758
3478
3482
1992
4211
8041
1383
4649
4344
1779
5327
3559
9603
5479
3823
4192
8313
9879
4003
4751
8887
7289
739
6527
3597
97
3703
9485
5157
3117
3708
4562
7247
6946
3901
3923
6347
4260
3460
6534
6760
9505
8058
122
2508
4392
4771
3820
6596
5287
7934
1681
383
5425
4151
5510
1017
7269
8894
9026
5803
2448
6117
6458
9653
3224
8873
9113
7212
9156
2313
8888
6723
654
139
6612
6297
9575
6495
8359
9336
4939
9553
7191
2824
4303
566
1877
2634
3986
4095
3842
9557
4780
8488
6522
1855
6168
8109
5307
5517
8990
2714
9459
7545
4906
2592
8282
8036
930
1871
1235
9852
568
1590
5264
1003
7924
7910
8803
5835
2157
3143
519
1190
5799
2994
5348
8975
635
6802
7572
7348
5749
3985
4677
679
4376
3104
6741
920
1177
5697
8867
1431
9037
2908
5206
2762
2787
3132
8528
8421
7886
9473
4226
269
6708
6623
9571
1989
911
9301
3360
5032
4600
4856
6544
5013
4607
7021
6196
5560
6139
683
4316
471
4064
3553
2615
8941
177
1305
1538
6666
9997
1775
8564
2306
4422
7743
6507
1500
9378
299
8902
180
5668
3397
3057
4488
4570
3421
5054
4279
8512
4923
3663
2680
5599
8945
857
6998
8446
820
6047
1509
9148
9857
9752
1090
8100
836
6342
4881
3718
4174
6276
8524
4315
9370
7075
9783
2238
5042
9484
2851
6510
3894
5121
3931
1663
281
7076
748
37
9961
9734
6630
7085
3510
9773
4285
9001
2084
4045
2073
8672
3678
9188
8555
6470
110
3954
493
9732
5420
8200
150
1000
9539
4127
6972
4019
1885
5405
6848
1628
4804
1637
1014
6450
5342
6665
6214
3055
2623
1141
6401
3056
8039
152
121
5452
5212
4964
992
5721
9605
4739
72
5686
1317
6580
1433
5428
75
1100
590
2333
9135
4548
2161
187
6325
7336
9595
646
3191
5232
2793
3173
2335
2975
7349
9574
5411
5717
5229
7139
1728
3709
4264
1626
8568
4158
9598
9204
3798
1272
783
3391
5704
1061
3596
8033
2356
1342
6239
702
7445
9958
9456
1382
4680
6481
6920
5777
5082
3139
5753
7604
5184
1355
3956
2934
3048
2843
6180
5250
4333
841
9060
8107
6285
8128
4733
7371
888
2518
6296
8049
7322
8214
9434
1205
8208
5590
8670
8857
4475
2902
8224
2332
7894
7112
3291
6909
1950
8622
2502
6490
4370
3486
2918
5983
9834
8931
8496
3831
4634
8845
6467
2424
4800
4168
4305
1710
1800
2497
8269
489
685
2607
4643
5267
4629
6129
6590
6592
9364
2706
8439
1999
4450
5910
944
941
2798
4624
5052
3430
9855
9724
5813
9416
1905
5292
4171
3751
1618
5107
2602
6019
7859
7124
7863
3557
7391
2598
6692
6169
2121
8985
6365
6191
3227
5493
1978
3088
884
9663
5622
7482
6743
9455
2350
2069
5466
8519
3898
5914
716
6359
5024
2567
5159
7775
852
8373
4729
3729
8986
5533
8299
2018
7889
1750
7877
9709
6939
6908
8551
1015
3060
7412
105
5640
1091
9669
8150
4788
6175
2047
7962
302
2727
5284
835
4584
5780
8458
4306
6018
6457
3908
9923
1623
815
5674
2075
1403
3359
1706
8722
9551
7851
1891
9672
7834
4886
412
6293
8230
2284
8000
2045
9227
7462
5926
7807
8809
2359
3037
2076
6792
4990
3171
4319
4515
2554
812
3266
4524
6538
5161
6184
9871
7023
1987
3069
2831
8087
4312
9263
433
8594
9717
1419
5305
7754
7838
5323
438
9845
5248
608
8639
8492
3340
8974
444
2958
5529
5722
5404
4439
2979
9468
3769
6674
694
581
5673
8215
7275
1187
1764
4566
2024
2397
8562
2809
1783
8327
5331
5341
5730
6244
2115
2847
6539
7130
3528
336
7528
644
8218
3089
3854
3613
9372
504
8696
2688
4245
784
8176
3982
4657
6017
2862
3156
6854
2494
6984
953
6295
3849
3959
4588
3915
1302
1725
1909
3484
4233
3682
1657
3322
9290
9538
8514
5507
9712
8583
500
2474
5872
6372
2721
6771
8826
6641
5873
4967
5994
6758
1127
3267
6145
5169
1513
3304
3550
9817
191
9600
3890
5237
7249
9429
3295
9623
4943
1199
242
5406
3562
267
791
8162
2273
7564
5137
2896
6208
5984
1192
2641
4763
7855
9809
8620
9963
929
9757
9782
8780
5436
7484
7788
3079
8220
958
1549
7530
195
4342
6583
832
4367
6140
3953
4504
8015
667
2295
4836
3699
8277
3598
4821
5443
6966
4749
273
5519
3230
8287
5202
9875
6052
6809
7132
2050
6772
1588
6565
9900
1514
8358
2257
8270
2984
2947
7504
1260
5729
2829
3848
8634
5843
1284
4479
6952
9674
2492
8407
3029
703
2987
8881
8914
2435
6796
7041
2457
8747
4721
2289
5726
7404
6335
7020
8644
7281
5037
8743
5657
6163
5685
3050
6321
1086
6460
9145
5988
7007
8510
1666
7815
6337
2590
4878
9160
3074
1713
3646
2540
5905
3293
6036
359
7770
6699
3357
2547
3731
3333
1450
3365
544
7178
4517
1242
4041
9426
8623
6371
9228
17
1323
517
9344
7401
2456
1577
423
1948
306
1277
4650
2990
6222
6979
6834
4663
9181
859
5532
3066
7226
9985
3022
9821
1300
7313
4017
3963
3388
750
5692
5565
2147
668
4890
7498
2173
7079
3192
6885
1444
7744
1806
9198
9404
6257
7365
4922
9567
5464
804
4239
5908
2797
1833
2404
4892
5431
1848
5633
4167
197
5478
2667
4082
1495
5310
8226
3900
9267
4746
9531
998
878
5176
6925
8404
3316
2232
3111
6748
3168
9265
988
1249
9882
153
5272
6858
5855
802
9889
2246
7039
6118
9795
8316
5888
296
528
9217
5408
8166
718
4162
2308
617
1953
3819
6713
3640
6011
5080
3181
3767
9447
8216
342
1617
9803
9179
7782
2244
7353
6999
6084
1492
6473
5867
2468
283
9186
3536
749
980
6436
6427
8547
8570
2307
9254
9668
3093
190
9662
366
8267
3354
9246
8850
505
9934
795
2648
3781
418
2338
6275
7721
9526
4403
6521
5482
4326
382
5870
9069
3130
6116
7415
986
3406
881
2202
3169
6934
1093
1410
2591
8951
6289
5947
5982
6054
3717
5937
8337
7639
188
9627
4387
6138
6973
6964
9965
3149
7878
2839
8982
7137
5379
4870
6525
204
3513
939
3257
5559
6
5249
2272
9430
4283
156
9250
5078
925
2543
2388
3868
6478
5416
4000
1796
8423
6991
5319
5911
6911
7557
3706
3294
6718
6716
1006
7237
3981
2077
3210
424
3670
2283
7216
770
1638
2348
670
2917
5449
1506
7798
16
4395
8737
2585
5418
375
545
5373
2436
5421
3116
6143
1269
1172
5056
8265
8897
4090
3657
3105
8768
9716
9457
9216
6811
1007
443
9839
7817
3599
4083
4848
2775
2755
5012
9537
8657
2171
6744
6025
2153
8401
5222
7707
463
2807
9270
6505
7470
4016
4884
2369
7655
4143
2866
1737
5901
2488
7533
9754
1337
1170
1332
2827
4550
6416
5893
5660
7291
6488
3585
5098
154
3052
9610
6100
4013
1070
334
9808
5805
1789
9497
5938
1088
6027
4359
6128
1056
9609
3063
2725
4519
5732
10000
5952
8434
844
6600
2742
2684
5312
5060
624
8808
4267
9121
417
8720
527
9798
5101
5437
1864
9865
6231
3698
7643
1732
4433
6755
7589
3620
9397
2097
6575
9550
4493
4426
7136
7988
4217
2384
3500
8966
1856
5386
8521
8581
5626
2371
1641
1561
9016
9277
1024
2100
4885
9257
7372
3603
9436
3342
9676
2501
1718
3445
9637
2528
3864
9207
2407
4340
2553
6801
1065
8340
5766
8385
4526
3358
2533
1792
1781
5535
7224
4332
6736
8577
8713
732
387
2747
429
9177
4641
2923
1782
2735
3694
636
3208
232
7487
3723
9219
5794
4379
3515
9308
7767
955
1440
3789
1105
6174
6086
3200
8213
8248
2766
3285
7083
3876
2562
4355
2536
1028
8444
8695
4179
8988
4428
8256
8324
6880
3361
5635
8032
3456
5996
5694
8756
3634
1841
2758
6754
8654
6390
2476
6721
3721
6152
2972
3742
2635
623
8538
5651
8225
4393
5502
4119
8127
1031
205
5661
9279
1405
589
2400
4247
4444
2863
378
5713
2537
2063
2428
4889
4311
3816
5768
8405
6586
2486
9944
1045
7787
3541
5183
7554
8346
6482
3887
9225
8992
5740
1047
5472
71
9577
6632
1344
2619
3129
1110
9318
1972
673
2522
5975
824
7735
5933
1437
5772
4999
774
506
95
395
9448
9872
5255
4644
362
2089
763
6064
5210
1757
166
7835
5552
1406
9329
9259
1929
8066
5880
3669
9791
7148
3115
2823
6362
1456
6475
9885
1819
4275
808
8398
582
5587
7713
4138
3932
2577
5620
4327
7810
7626
3984
3194
9310
248
5979
4950
2901
3503
6088
6226
2199
159
7847
8399
7310
4354
1735
8576
4549
7134
7455
2182
7705
3777
2804
1990
4900
259
2844
6588
9380
2713
2837
3410
3552
2966
4109
7998
1986
1117
5630
6898
5985
4086
8997
8080
8062
724
2646
8633
1275
3321
8403
8869
1771
7970
3284
4762
538
2565
4343
5219
8939
3529
631
2545
7070
5124
7623
280
1384
922
7670
309
176
8719
4587
4423
9628
5172
7452
8004
6377
1519
4051
9704
9799
201
1622
1273
9987
5508
157
9690
4156
915
5922
4606
4669
2354
5055
7690
6417
7479
6765
4684
5791
8855
4698
6391
6042
2239
8942
9862
3013
7126
3195
2636
2484
9618
4459
1290
2441
4228
9071
3109
6992
8856
9333
6968
5681
569
2013
4309
2049
2988
1698
5245
886
5316
730
687
18
7429
2542
4429
5695
6423
8009
5178
7590
1459
1219
6552
6656
997
3190
691
5641
9395
2911
7398
1567
2719
308
6791
2652
434
556
2447
430
9402
5177
3326
2454
3674
407
8792
4430
8560
66
8924
3656
3724
9881
3277
8739
1515
9010
118
8430
3735
7457
1499
9208
5470
4658
2870
8972
896
3840
2770
7324
6051
5900
1022
4679
1198
5442
1652
3677
2247
8952
2771
3837
292
5669
9306
9322
6700
9711
4492
9525
1068
6816
4835
728
655
7633
9194
8529
9630
5377
5468
8380
7046
9304
1696
4988
9034
513
3704
855
8336
4598
3300
7503
1227
564
5823
7262
602
726
926
5828
4544
4012
6131
1357
4258
1320
7662
4408
2217
5085
5071
4827
7947
8818
4489
5021
2792
7657
9869
454
2015
2472
7311
2324
6182
9936
9802
6480
7209
135
4126
3025
3118
1957
4378
3548
2937
6235
3245
7909
3310
3123
4177
1400
931
9853
7839
8207
5397
1692
1974
8276
1324
7031
9785
9792
65
6206
7164
3114
1248
7850
4094
9350
9036
4142
2674
4512
6221
9172
7727
1631
1241
585
968
4784
413
2213
7806
3590
8497
8390
2654
4123
2622
9955
5549
2749
7565
4502
9720
4576
264
9334
3850
6114
1938
6062
6420
9056
4887
565
8716
6299
6751
4847
5103
3153
1556
3504
5538
8101
1886
9360
978
5486
9428
5491
8926
6030
6824
6441
5568
9896
961
8687
7242
3750
6282
5259
9938
9483
6520
3589
6344
9684
1399
6283
618
7065
9856
6165
9401
289
5912
5861
2318
629
1067
1030
7603
7939
8204
7059
7444
7015
9477
4215
1897
2006
2361
3374
9995
8736
3995
8466
5191
6091
5459
7089
7267
5127
4765
3331
4495
327
8580
7933
