744
2167
986
4473
328
3367
160
1745
561
128
4126
3948
1293
2517
2866
1423
71
3355
1314
5000
4874
4300
3778
2671
2617
3113
2343
1999
1515
1291
4217
372
3336
3531
2874
814
3287
4833
3730
3520
995
525
916
4828
3985
1212
2337
2096
2603
1373
36
2749
1920
339
3363
3943
2494
3498
2843
1096
1112
4950
2046
430
1352
2537
4812
710
1017
2182
1548
2770
1629
1211
4967
4384
4130
3619
2408
4234
1360
1
2039
3514
832
857
2501
4947
4683
2072
3950
1533
1564
3494
359
2112
2330
3067
1079
1007
514
4382
375
4081
965
3137
544
2292
4632
3204
2901
4499
515
4693
2955
1556
3727
2560
4839
948
3058
4879
1808
2315
634
3040
3609
72
4248
3124
748
2482
4093
2548
1605
4732
2275
2846
3242
2181
2386
4658
2415
4669
2941
4487
3503
4037
4138
4215
1108
2971
3077
3798
4139
1552
1599
2939
1570
1479
3190
2257
1146
2903
3076
4456
116
1523
2579
2253
1614
3998
4364
4091
2721
4665
3984
4494
1632
3739
1003
1125
4704
1168
3973
1508
1075
323
2347
2792
1829
2052
505
4611
1304
626
2462
3592
3629
1332
193
3867
1004
4771
1411
2115
1156
652
3631
2404
2968
607
4862
2450
673
4654
220
1727
2018
2147
4341
3855
467
2700
2863
66
1683
2126
889
1181
2722
2758
4733
1288
3023
3737
3030
3775
4904
3069
4978
2407
250
852
4802
3836
2384
773
4359
1861
1065
3586
239
3424
450
2430
222
1553
4078
3500
4435
2395
284
4064
3335
2974
1184
3101
2556
2406
904
2063
1070
4992
3573
37
4796
4405
1431
477
2241
523
4575
813
1493
2069
2479
4943
703
1402
4676
3685
158
1464
2715
909
4552
978
2620
4253
3432
1642
2153
1656
4451
4101
1357
806
2805
1810
4201
3706
2676
3809
4616
1450
2361
3385
4850
62
1068
4330
3100
1882
808
4605
2334
2849
1114
2810
3564
511
1753
2036
296
179
407
4266
2464
3404
635
1961
2656
380
3621
2133
1655
3733
2571
2024
4901
4288
4672
1347
3922
2530
1308
1100
181
2418
1103
172
2709
1647
804
4170
3896
834
3662
4186
3603
1214
4261
3202
1023
2298
731
1765
3054
4612
1975
4481
1537
3095
3187
4543
3131
3309
1470
1586
2451
3849
1785
2775
4614
251
3926
3022
3887
2077
2226
977
1841
736
2207
2194
604
3019
4755
4746
378
498
3176
3750
4430
4789
2106
2379
2261
2933
628
614
1410
3264
2428
3595
820
2761
3997
451
3545
161
2014
3915
4177
41
559
646
3913
4044
346
2894
4712
1554
2860
3415
831
3741
4501
4027
4240
4441
3982
1355
509
1663
4538
1697
2713
3983
2745
1859
704
86
3644
1686
1482
4420
3446
4145
4374
465
526
4036
4372
2434
4791
4814
3566
1853
1328
3660
113
2631
1148
278
4596
3036
1891
3413
74
1235
1499
3552
4786
2031
2959
1268
2992
4117
2634
2523
1925
2217
3333
3780
4462
4765
882
2815
1664
3440
295
4744
4584
3891
2881
2659
2626
1204
4218
2233
3097
2910
4535
2930
3910
2690
848
678
167
4544
955
1179
1101
4845
982
2266
10
4937
1741
2027
2513
2445
354
4797
2401
162
931
3645
1057
4114
2064
1519
4505
1416
1851
1221
3801
11
4151
976
1260
403
1274
1044
1784
4169
3687
3237
3788
2807
2085
4071
1161
4376
4002
3037
690
3409
1474
3551
2366
427
1917
4652
4752
501
538
1072
555
4298
3165
4168
4484
360
706
468
1913
2581
1872
2597
2612
2263
127
2299
1866
3987
2584
2651
4582
4442
1889
2880
1715
4701
1021
1695
641
671
4588
3027
1111
3322
3305
4347
4285
1014
4907
1243
3774
3310
3510
2535
3745
3092
1430
3168
1997
1207
4813
3977
692
1858
1791
3063
1046
1940
627
1530
4049
240
785
4142
3870
2067
2837
1981
2405
2353
4788
2365
3597
3671
1351
1346
2084
3441
2600
2773
2986
1390
2987
1916
2771
2840
3714
4192
3606
2743
3279
1598
3743
1178
3115
2317
512
2921
3430
2227
4102
3206
837
3381
2397
263
1425
2490
303
3018
695
385
144
2506
1712
4445
4946
1910
4843
1230
2521
3169
3065
3251
539
2338
4166
1747
850
3885
4419
2125
1511
233
3636
4556
454
4283
3259
839
355
209
2206
979
22
2728
2908
653
1239
3650
4822
3319
4225
3805
3377
1296
1409
1602
708
2097
4438
3286
4560
1376
1844
1962
20
489
4860
608
1469
437
942
125
1989
585
2621
898
2026
1064
253
1739
3511
4805
470
150
4028
780
2586
2348
2333
3153
4167
3589
4623
4871
347
3594
1500
2927
1713
3990
3193
1988
4509
880
1545
3889
2473
1104
3747
3347
2614
4318
3371
4302
3163
3892
3280
662
3349
2914
940
2146
1698
4207
3179
3738
1398
93
1517
737
818
1452
213
2101
1256
4962
1914
1862
3966
4243
1678
3256
823
2000
3126
4513
3026
2565
2593
3089
3675
4859
249
4798
3468
866
3386
3991
1836
4507
13
110
3989
3094
4110
1388
3795
968
1385
2480
59
2641
133
4625
2526
1883
83
4555
2967
4274
1682
1565
1441
1513
3633
2733
2589
3654
107
4886
3406
2711
560
2381
1445
893
3419
2362
2403
578
1993
2323
1150
4530
1142
1279
934
2920
4229
1019
4164
1597
4834
2440
1225
3012
2524
4012
770
3034
3291
3758
3384
4793
3497
3071
17
4035
2994
313
2935
1590
4247
2683
3062
2557
4677
3938
1992
474
867
77
4033
3865
4723
2015
4577
3677
4794
2812
4568
3289
1814
4731
4265
1529
2498
108
3015
3557
2161
51
3651
1935
3529
232
244
2294
2759
4188
383
3053
2740
1413
674
3045
4276
3559
1290
524
1092
865
4278
3312
1540
155
1542
2958
1098
126
2023
68
2311
397
1036
762
2389
4228
2679
64
4191
1581
622
3311
3405
3209
4697
3524
231
2127
2368
4680
1837
2836
4449
3925
4717
1770
3357
2162
2962
2839
2931
3389
3079
1799
1333
3365
4512
4315
258
3736
2576
2922
163
2601
4181
1579
993
1528
446
3904
1751
1080
3560
3988
1294
4216
1228
3360
3087
2982
2325
1825
3884
4989
3840
2730
4479
3414
846
630
2991
1952
428
2396
1721
1572
4707
2778
2189
137
177
1220
1206
1218
807
420
870
2172
1115
4
1232
3598
1706
4413
1455
49
1371
907
3875
1724
3346
2059
997
4670
153
1694
605
4949
4425
4386
4914
4434
2716
221
1465
2963
3829
4099
4800
2667
1879
3457
3704
2469
669
648
168
4847
2273
3102
2887
1027
788
554
3711
1797
3255
1619
4991
1921
1755
3493
4981
3753
3504
4125
33
2619
4687
4918
4230
3894
2765
4065
424
936
1439
1412
1865
508
4290
2997
1269
2355
1349
2225
1876
876
1705
3941
1749
3861
2468
1361
781
4465
3216
3433
208
3803
2698
3397
3518
4180
1147
583
1238
721
3591
2300
4856
1584
1249
1818
4321
255
3203
1012
3549
4515
1039
4851
1166
2197
1105
2110
2166
4480
3402
3516
4296
2078
4511
2251
3136
2672
195
1730
1984
733
3148
824
2083
2905
3009
3387
1180
2176
4464
2562
2831
2754
4739
3161
1157
337
3871
897
3761
2066
3699
4564
183
2100
425
981
2868
434
4299
2222
53
3804
4985
1254
1387
191
4688
2969
2329
4408
994
1323
2892
1568
3046
588
4820
2076
4925
1525
3902
3020
3106
2249
4205
2826
4048
3010
632
2033
455
3637
4221
1729
4801
238
4040
1476
2693
1175
618
4310
4086
720
3617
4063
4250
2214
908
2281
732
1088
1015
1674
4156
2946
3860
379
1164
4996
2582
2001
4626
1434
4390
2290
1191
1381
1571
4650
1312
1286
3211
885
4754
136
2824
1118
812
3934
2794
198
2832
507
3748
4770
3830
2847
3746
1600
449
2734
1289
1567
4958
2791
4271
951
3742
4105
301
4976
4993
4084
3897
4837
1397
3084
4831
1077
4415
3099
3240
3868
276
4936
4990
2731
3853
2042
3613
3096
3962
365
3663
1658
1983
4343
4933
2520
1593
3474
1966
1972
2553
4762
4653
946
4540
441
1995
357
3379
927
3708
1789
356
4433
629
2760
2306
4926
3772
2070
4362
3754
4293
4782
743
4807
3118
2818
4972
4684
3458
178
3734
4627
392
1737
2948
324
2350
1839
694
4890
2238
4724
2129
574
1093
4924
2940
759
2800
3444
4163
3368
4016
1271
4885
776
4019
4861
194
4031
3093
600
475
3961
1976
1928
79
1295
700
182
582
890
3049
3460
3970
3667
2111
4307
3434
933
414
4638
3908
1946
2543
4184
1817
4495
4720
566
1162
464
2196
2585
4282
3088
2788
4259
1968
1848
751
2375
1794
1276
2425
3075
2287
620
4323
1208
1481
2442
224
3431
3158
2622
4587
1403
4165
2936
4858
27
992
755
1453
1675
2336
944
2904
556
2945
1595
2542
223
1521
4493
3501
1549
3793
1561
4825
4846
2286
2705
3455
4539
4338
2956
4953
4815
2095
568
3475
1435
2573
2507
1417
2244
3818
366
29
2529
650
4708
4648
2339
3472
3572
1437
1669
4011
4983
1779
2203
2960
1942
2489
1261
565
2270
3974
2919
4785
1772
311
2736
4202
2288
2092
1815
1201
4767
3246
3869
3507
2776
937
4821
105
479
4329
2154
3696
716
2787
4199
1145
3769
2644
4655
1259
668
4204
2857
1038
2580
60
3050
4774
4518
847
1653
1985
165
3456
3070
4423
707
463
4811
4952
273
3847
104
2156
3166
3777
3599
2236
2616
3059
2151
4929
896
2895
2829
3620
98
4595
2204
4620
4306
4233
3725
154
3547
3799
197
431
91
2247
2221
318
2349
3294
6
996
4592
3721
1121
2823
242
2642
2303
980
3245
2062
2043
2665
758
1171
1429
3283
4868
3935
4134
2981
3488
2017
2422
3499
1835
3528
1746
2682
1262
1607
4414
3007
3815
4622
4006
4694
855
4159
2541
3565
1783
811
764
3214
2402
3082
1626
2478
3028
3903
3590
3659
4189
960
576
3807
4844
1768
842
4103
1615
3676
917
1272
374
1099
1743
4780
3532
1248
945
911
1422
4097
4113
3789
2296
1906
757
2255
3550
3823
39
858
2966
377
3813
4674
4354
1173
2803
2861
2344
1945
219
830
4965
3159
797
2950
4025
984
571
4076
792
4806
558
2094
2264
3278
3563
1703
2608
2116
3537
3004
1742
918
4396
1475
1638
1630
3423
4324
1473
725
636
2087
4534
3288
2695
4450
12
3164
4431
4264
4311
4816
4489
3391
2943
4689
2558
567
1826
4490
3300
886
3852
4041
1263
766
2280
2646
3880
624
1782
1366
2098
4863
3426
2536
4268
819
3495
4460
2103
543
2652
1030
4891
3723
2184
2609
519
401
1740
938
3447
877
1534
2635
2712
3435
2421
1292
3718
553
1024
3639
1526
2301
443
1732
1058
205
2439
1237
492
3732
1527
3945
3236
4637
4565
1109
196
3536
4432
1963
2277
57
24
1555
2310
4160
1242
4021
2998
112
2005
21
1644
1959
117
4496
1771
4301
3111
1864
2578
2198
1177
4368
4747
4848
2254
4508
2864
3222
4734
2891
949
404
1974
2809
1342
4231
3688
308
4784
1776
4157
4849
394
3290
4463
1888
522
1754
1200
1341
1802
3692
268
2374
3827
4970
1418
1633
4348
3558
4491
3178
2795
1466
2108
670
1282
4938
2575
1448
1018
3244
344
4948
4826
3981
351
4974
3993
606
3492
2559
3008
3638
4112
3420
2279
2099
3649
2321
3410
3678
4532
1894
550
2269
84
3630
817
2475
4506
2331
201
2909
3403
2216
3184
680
4457
1188
312
3327
469
121
4272
598
3212
1723
286
2104
1587
869
3308
4593
2587
4928
1809
3673
989
2259
4710
1594
3899
3116
1298
2834
4090
2893
4875
4439
3205
3907
4003
1773
1933
2561
4651
146
2851
2134
4721
772
416
2605
1094
4959
3108
3418
3657
1665
3107
2163
2032
4542
246
601
2996
4136
2457
1609
4569
3957
536
1696
2538
2173
1257
2284
2180
4073
1987
4220
1183
2877
4375
199
4865
92
2319
2855
2944
4026
4446
3177
516
1634
3674
4649
972
987
2164
4915
3668
54
173
1733
801
647
358
4878
3000
1128
4624
1574
2505
3744
4581
2065
577
3133
387
1978
510
4214
3156
4054
4942
816
2701
1842
3972
729
3223
1379
3066
1778
4153
503
872
4252
94
1089
4379
1037
4994
1973
3380
368
914
3233
1757
1053
2838
1767
2461
1444
143
1588
1948
619
4080
480
840
3320
2550
2720
1395
4594
2633
482
1407
3729
3483
547
1676
3267
2703
471
3269
2854
4617
3321
2595
456
3548
4984
3334
2307
2305
2006
2673
406
3262
4671
2252
2739
1667
1310
1135
875
3081
3342
2767
2751
4756
2624
4642
1884
2387
1539
1670
333
1806
925
1495
3104
4699
3129
2376
4313
4013
325
1344
4486
3600
4038
2925
2879
2093
2426
970
61
4541
3270
3263
3502
2452
2789
1063
4883
1898
1947
1801
481
1821
3183
190
4179
3893
894
854
48
174
2884
4751
4018
3011
3553
552
4147
1591
495
3909
1440
1421
2380
493
2187
913
3683
2200
3112
142
1066
1544
349
2174
633
4305
4695
684
8
2272
4030
1497
1824
3986
3821
2835
34
901
4759
4931
1899
1661
2107
3421
2718
2460
686
2243
4607
1090
672
3073
2993
3782
2010
1650
1550
4260
4360
1195
4646
3454
320
1126
3755
4519
330
4173
4842
3695
4212
3622
4714
3394
4196
1870
1209
3486
4326
4051
44
1990
3314
4340
2808
3661
1110
423
4954
2947
2886
2729
2875
1840
2607
3864
1025
4853
299
2314
3526
1878
2604
2954
1372
3873
1382
1278
4008
2038
594
4975
1116
3090
4982
4263
4973
3931
3612
3886
2444
734
2509
1152
4956
1193
2295
3810
1869
3152
316
4291
2670
3425
1134
43
409
4193
860
518
4023
783
1957
288
2212
2020
335
4685
4941
56
3141
1505
1932
3213
2177
1071
111
1001
4799
336
2477
2256
3702
1583
2074
4015
3539
1380
1819
3068
3392
1069
4211
790
204
4235
3130
3146
735
329
745
4355
1224
3771
3577
1637
4673
252
4787
2131
3930
906
683
4573
2211
267
1731
1714
4567
1893
3340
1734
1994
1056
1646
2637
1937
4768
1681
730
2179
4741
4143
2615
3218
2655
853
3035
4428
1871
4892
1763
3845
4531
546
1034
393
2898
2201
306
2985
3274
1955
4589
1896
1502
1807
3003
1761
1033
4502
990
496
259
3932
4757
1363
297
4246
1076
262
1719
1223
3445
3937
3806
664
1167
3923
381
1013
166
612
1461
899
3317
2744
402
2346
1672
4059
2423
2883
1901
675
1264
1996
2229
763
4238
3917
3816
3243
2980
1194
4692
2539
3298
3325
741
4303
4476
4603
243
4014
4867
32
1711
4210
2782
1720
4244
4526
3265
4590
795
1120
771
3121
2995
2830
1392
457
739
3354
1086
1369
2158
1738
1185
1504
1222
1280
4363
353
1356
4403
3401
1620
3715
829
3186
3154
3110
3568
3144
4000
3005
52
4395
537
1244
4132
2717
4738
3443
874
129
283
3546
1227
2497
542
1240
484
4358
3044
1886
693
1331
1575
3448
3681
3523
4267
1467
4119
1252
843
3234
3471
1107
4325
4410
3933
4010
1648
4236
3976
2304
1538
3655
1154
122
4808
1936
2664
3826
4559
2554
3928
3689
4957
2732
2342
929
2534
3301
2484
4312
682
2594
1141
4241
603
2660
1986
3642
2897
4461
1798
281
4172
862
3411
2150
833
861
3954
4644
4817
2649
2230
4690
2139
540
1062
1300
4406
4286
1299
952
3555
879
352
3318
2531
3393
4187
654
584
115
4254
761
1491
1319
4971
4309
4932
697
3724
573
1560
2436
3585
1625
131
1462
1790
2373
657
245
4750
3481
545
1335
4827
3824
3716
3508
4615
45
4645
935
3358
1158
2774
1155
592
4854
750
4332
4098
3658
462
254
2639
4829
1330
1970
3877
4083
14
1284
4287
3705
1011
2168
2777
285
2481
1576
1348
1368
921
3570
4149
4273
3740
749
3047
4823
4387
3614
1354
919
1904
4726
4075
4345
2245
1427
2009
1874
218
1203
2185
4610
2842
3348
4118
4763
3496
2802
3362
2102
4609
4790
1192
4365
4753
517
4554
237
548
3626
4466
4562
3181
1852
2504
4171
1471
2889
1043
1938
2030
452
184
2419
2435
3920
1601
2231
1922
1543
2143
4955
922
2686
838
599
3323
4224
4606
4869
4795
1219
1873
1374
2813
1273
4778
3956
1428
2852
78
3521
3469
2870
1781
435
214
4353
1585
1438
4549
2054
1494
4497
408
3195
3254
4077
229
2984
147
3936
2463
235
3632
307
1205
4656
2293
1215
4628
2588
3307
2735
803
151
4056
2041
796
1744
2271
3635
2590
1991
4911
3364
1514
810
3017
1845
1857
3835
2669
2224
1795
1234
1610
3302
3128
3306
1905
87
410
25
1285
4553
2583
1660
3781
2768
1716
4176
35
581
4572
2915
4388
3304
4061
4190
717
16
2511
1002
2371
2352
4775
2219
1241
3701
570
4426
3912
4629
4718
963
4888
203
3074
370
3033
2124
4580
1707
1336
1524
2822
3482
822
1617
1029
665
1311
2169
1393
1980
2328
4182
1673
3953
4634
1764
1010
1643
1498
1026
4660
38
4520
4017
4455
3843
3276
4703
438
802
1378
298
2025
1969
3182
1426
4905
119
1367
2324
1907
3479
3856
3476
4832
4070
1611
3174
1123
2869
2495
3652
4454
3041
2885
2291
2240
4213
1384
1885
3359
4809
4641
4691
4591
1501
3361
1117
1830
3996
782
227
4537
1509
4696
2028
2596
483
2989
3230
1443
442
2223
3172
1867
1267
2013
1074
701
2213
3459
4583
1133
1490
1912
4100
2714
2856
3001
1887
4735
4467
1159
2012
2152
4402
809
1132
1213
4203
1941
1365
4961
826
841
3911
2785
3271
176
4082
1246
4417
4209
3587
1454
2783
1136
2786
760
4334
999
3694
3918
2155
1875
1266
2183
4052
1520
1943
2627
269
2527
1775
3119
3728
4162
1516
3343
3792
1934
902
1792
2737
1318
15
4545
1487
4521
2029
3759
4369
3752
4902
411
4458
2602
3712
4322
1699
2972
3376
4471
4043
3167
3797
4804
4647
3002
1174
2
4327
274
3647
2684
1822
2267
4308
4963
1480
529
4742
3370
3085
2704
2453
1774
2702
3390
4472
96
1726
67
2393
3625
3173
2071
386
3210
4728
130
1860
266
2220
4483
1909
4258
4001
3624
1031
1951
4909
563
2021
2753
488
3200
2951
4585
4115
1680
1106
4251
1803
2250
2949
1793
1546
656
1216
1954
2399
400
2867
2723
4872
2525
19
638
3396
1287
2459
2091
2178
1051
3284
3395
3098
2242
4514
4437
789
1828
513
3463
4336
1562
676
3105
520
3541
4092
453
3963
257
1144
2532
4389
611
752
2454
3955
3241
4766
2047
3196
1930
3898
2685
4072
2332
3374
3615
1338
2082
3350
724
1811
4367
2658
557
4857
230
655
4864
302
3779
4133
1582
4964
189
3388
476
2503
1297
1736
279
3929
2191
2073
3198
1780
3979
2746
2312
4226
4400
46
2563
272
3353
2359
1414
3602
4470
4275
1688
2258
4500
3786
1082
1710
95
3157
1251
4381
3623
3109
2195
3814
3185
930
31
3162
2113
4448
1483
3464
4705
1492
2569
903
3971
3295
3581
103
4686
4356
666
3540
382
3375
4870
1394
1760
3114
1971
2923
3191
2502
4913
863
688
4058
3143
2465
1816
256
4085
376
3282
4174
1628
2806
2738
3584
2926
2308
756
459
2882
3197
3556
687
3229
1573
3296
2170
2567
1606
3160
4895
2865
4769
4478
2388
2409
1998
3057
4333
101
236
3021
4109
4197
4492
1604
1391
4602
1813
2448
388
1315
873
1863
3883
2814
4304
2942
4046
681
878
1163
305
2313
3228
373
964
1687
42
1668
2650
3703
1877
1488
3569
1908
3763
4373
2210
2762
1800
2902
1766
2232
1233
4068
912
4563
2392
4917
4916
3698
1050
4392
345
4339
1236
2816
4736
2766
3006
768
2472
134
3960
3808
275
3247
228
2827
497
4640
531
2799
2522
391
3487
3800
2239
1832
4927
1657
2647
3562
2694
534
2977
4764
2688
2629
926
3091
1589
2871
460
3208
2274
769
3351
2446
90
3266
422
2058
4980
4633
473
4908
3916
825
988
109
99
2546
2037
3014
2598
1424
1165
586
753
2326
3882
1624
3064
4393
1032
541
3707
1041
261
2793
2105
3477
754
4146
4503
4459
1149
3369
2144
621
640
499
2364
2876
3686
2235
798
3872
1641
3616
1728
3249
3794
3942
3951
959
3042
1645
1690
892
1510
1532
3888
4920
3515
2917
186
1812
2911
3505
1622
661
3151
3735
3542
500
639
2416
4295
4613
1405
4779
2265
888
3679
793
1596
3258
2145
2356
3839
4289
3372
3890
1704
1020
957
1796
212
1856
4378
4154
3874
3199
2260
4700
4930
2044
2218
4661
651
3416
1689
4198
478
1953
1531
171
3316
152
2413
1536
1563
4129
1048
2988
1197
1931
3013
4881
4923
2086
4095
3140
1153
1198
4401
1541
3939
3768
966
2890
1850
4894
4316
2797
4292
1956
575
4906
1008
2741
602
4418
2747
2755
3207
2485
856
4427
610
1305
1762
1849
998
2417
1449
596
849
3969
426
4020
1129
1199
1326
4547
2117
702
2804
3513
3072
660
4488
4934
4194
4124
4706
2385
1383
1329
3117
1022
1316
3043
69
50
1226
1618
3055
4242
1979
1895
722
2327
3194
521
3604
2648
4667
3285
2833
4468
2784
4096
527
3451
4824
2873
1854
180
2643
2934
4987
2957
3442
4200
192
3024
466
3221
2990
713
1320
4945
2228
535
709
3850
1566
3601
967
2681
4089
900
4141
384
2845
800
3525
1137
786
2566
309
827
4404
3051
106
4598
3700
3273
1666
2726
2973
2048
712
3578
667
4510
2302
2136
30
3906
3684
1097
3848
1786
1831
3509
1113
1592
3833
1967
738
1060
4604
3757
3356
2577
9
2798
3958
3123
3834
3828
3519
4361
4007
2441
4111
2377
472
494
4818
1748
2289
2193
4866
504
2135
1400
2002
4256
2053
2677
2512
4897
4601
1623
2483
3277
4270
3995
429
778
1047
5
1362
1353
1169
3544
4107
314
4069
3791
4140
3338
4409
4135
4222
4183
1313
1084
3760
4277
2140
3582
844
3032
1250
4636
4966
217
4523
4175
4123
643
3417
317
3641
617
1265
3260
1446
3292
2132
3579
742
3691
4087
3665
3227
135
3965
4407
895
4792
4412
3561
2515
609
2246
3751
1277
928
1151
975
2697
4337
7
3031
2508
3819
685
551
3534
4773
1160
528
3669
3489
4377
4657
3726
642
3731
4314
2049
1820
3697
97
371
4005
1977
569
3881
3666
4357
390
2035
3717
4525
2438
389
3588
932
292
4421
3449
447
4810
689
2492
287
1303
924
4999
4504
4910
4057
1652
845
3060
2610
3132
3029
2128
4836
2157
3324
835
3039
4529
4570
4528
1231
799
2447
774
884
947
2432
3831
3453
4561
2710
2828
3303
2692
973
4986
1701
3439
1613
4761
4440
216
3583
3837
1890
4024
815
1016
4682
3142
2514
3452
3756
784
2574
3138
2075
1496
4223
4659
659
440
1535
631
4067
2119
1404
715
4032
3016
1929
322
2248
4371
3811
1350
679
169
277
696
767
3749
532
3478
1506
4152
4066
950
361
3593
1924
2707
1616
2068
1679
4319
1302
412
3506
3103
4979
28
502
4352
1059
2007
3901
4178
4548
4045
3975
2613
3927
4262
2516
943
1897
2358
2638
3575
248
4679
791
3947
4116
1408
726
579
138
3171
2752
2519
2199
2510
4715
2322
2159
3796
3580
2320
1964
1838
2764
444
3968
794
728
1433
210
1923
2456
3231
1081
4536
432
4777
2533
2427
1124
2360
765
2896
1718
3851
623
3822
1900
1558
2474
2429
2819
3366
4131
405
1671
4527
4737
215
3720
334
4713
3765
4838
2628
705
4557
4444
3924
4631
2019
4053
1944
1717
491
1375
3127
2476
2564
338
486
4050
891
3846
2899
4675
3866
775
55
4453
1006
421
3690
3863
1343
3611
4599
1512
3838
226
4385
4158
487
3224
1868
1777
2544
4880
1281
1458
3784
2424
1459
658
4912
4709
2437
396
3400
727
883
3682
649
2390
2999
2040
3825
1324
3248
4094
2916
2862
4150
1067
3664
3344
1522
549
2080
2844
1447
1804
2372
1095
3326
4639
591
293
3719
1189
4074
341
1927
3252
3398
1401
294
923
4249
300
2976
4533
4004
2859
1881
2470
4719
969
490
3946
364
2769
26
1130
2433
2318
1456
2645
124
3999
1758
2640
2953
3134
2568
3038
1911
2912
3253
1196
1337
149
3281
4725
1140
805
3574
1559
1489
962
1307
698
3762
4429
4411
1087
2165
4597
175
3959
506
1982
3693
1833
2748
1627
1275
4022
1662
1255
4227
2518
4921
3490
331
2262
118
3646
102
2680
868
3438
1190
1677
1915
691
3785
3640
2570
2192
3341
290
348
2689
1708
2858
3878
1693
3879
80
4524
3709
2045
2090
4121
3052
2918
202
70
1186
4422
915
1827
3967
2675
3120
2079
40
4884
3122
1442
3329
718
953
445
4977
139
1486
2742
4893
4436
4522
3465
1202
2547
3299
2724
590
1415
1217
3086
2678
3257
439
2938
821
2750
4935
2965
4586
1009
1569
4776
1091
2414
3817
616
1805
4079
1359
3219
4841
562
1457
2725
3571
4783
4294
200
4877
1085
2848
4346
2811
2757
2540
2123
448
1503
4740
3627
828
3608
1636
2630
1055
1358
1377
4995
2215
3854
1847
3643
3857
4576
1691
593
3473
1684
2662
3722
2545
4551
2121
3522
2138
2391
100
1965
2878
4161
3766
114
2606
2978
4662
2282
910
289
2888
4155
4681
3461
864
4727
304
2383
2488
1419
3940
3147
4716
3596
3450
4566
4900
4760
2932
3422
1949
3352
4482
3470
343
836
974
991
2060
4758
1557
2572
2970
461
419
1939
3648
4185
1958
1472
1518
3484
1052
1834
4903
1245
1370
3337
1253
3175
363
1756
2983
76
4280
777
3188
2591
4643
264
310
2268
73
4951
332
3900
851
1258
4137
2142
2412
4255
4558
1950
2500
1451
2668
677
530
4748
3061
2285
1396
4237
2699
2913
2820
2632
3964
3656
157
3921
2900
954
4889
2141
533
2118
3297
3383
326
4852
1301
3331
1722
2455
4635
4722
3
1787
2369
4297
4968
4370
2661
3261
156
4106
4042
2458
4452
3576
2706
82
2357
4730
4749
2363
2907
4443
1176
1247
4317
2367
1547
3150
1578
4969
4988
1788
2625
207
2618
282
4475
2345
1035
2611
637
2499
3192
859
714
1702
956
4960
3149
75
787
1484
3764
1420
3844
2653
1138
1389
595
1028
2003
4127
2687
3135
3491
4144
4284
4663
3538
3226
188
3710
2431
2130
1855
4060
159
211
2411
1477
1478
2088
4666
4034
2276
1325
3767
2727
1000
3862
2801
2975
2817
615
2202
1073
887
4383
1919
458
711
3787
920
971
3773
3189
4047
1143
4546
1960
1432
3994
1386
3944
2623
1172
2872
1649
280
170
4245
4630
4517
2382
132
2341
3315
572
3412
3330
4899
2924
3235
2234
941
1334
3145
4579
3605
1468
2420
4922
4474
18
398
4219
2051
3776
1340
3978
2354
3215
4208
3618
2209
2237
4729
3858
4398
1603
206
4840
4898
2149
4239
1507
1005
1045
2592
2114
234
342
4803
1306
3992
1119
436
3628
3125
3275
2790
433
2821
2555
1902
1078
3462
3527
350
3250
3952
3607
2719
3672
2120
3332
4328
2055
3543
1083
399
148
2160
2340
4600
2979
3480
3842
1170
1759
2089
3217
3610
3670
1750
3790
2400
4498
2410
4320
3180
1317
1460
2378
564
2148
140
3313
185
4120
961
3436
3770
3239
241
4469
1725
2780
4887
47
2708
2351
4940
1635
719
2654
3025
2188
1406
1139
3170
3225
2549
4128
1270
779
2666
1685
1659
4350
1892
3429
88
2772
225
58
597
1640
3713
260
983
4711
1182
2551
63
2825
315
4772
2663
2004
270
1210
3530
2466
2122
2906
2022
81
369
1735
747
2278
2057
1621
958
2011
587
4394
4702
746
4029
3048
4344
321
2850
2370
3080
871
3328
4998
2467
395
1399
1903
2696
1700
2297
4619
1309
2796
3535
2756
2443
3905
1127
4830
291
3437
1463
4477
3812
3078
3378
4108
3841
2186
1843
2008
4366
3220
4882
4062
2929
881
3293
2779
2109
2205
1229
2190
1436
2394
120
3533
2964
4380
4104
3467
413
4944
2137
1061
3339
4939
4331
4269
4574
4997
939
4516
2471
4281
699
3914
1042
3832
1612
4485
2552
2309
1040
1122
2763
4195
319
1283
2487
2335
3949
1752
362
265
2841
663
1880
187
4664
2781
3485
2061
1577
2486
4257
340
2283
2952
85
1364
4232
3554
4122
2496
3345
3155
3201
4351
247
985
4397
3139
2449
3783
4550
1485
1651
2171
644
3232
2674
1918
327
4745
4618
3407
1580
3895
2175
4873
2056
1327
3859
3382
485
1639
2961
1345
4781
123
3427
1692
1608
1654
2491
580
89
2853
645
3680
1049
1131
1102
4447
4399
1926
2928
1709
3428
3802
1321
3268
2034
65
3980
4835
4896
589
417
4743
2081
4621
2493
4578
4668
4416
1054
3373
4039
3466
3919
415
1846
164
1339
740
2599
2016
3876
3653
3408
3399
4279
3634
1322
145
4335
4424
4342
2937
3567
2398
3512
2636
905
4148
4678
4819
4349
4855
1823
723
367
3056
271
4391
3083
4206
3272
1551
2050
23
4876
4608
2657
4088
4919
141
1769
1187
3820
2691
4055
1631
613
2316
2208
418
625
4571
4698
3517
2528
3238
4009
